1
405
432
0,935823895777278
2
303
153
0,431062867813498
3
427
248
0,694735124649439
4
217
256
0,129129680725026
5
79
356
0,78446856078249
6
356
98
0,721774085195104
7
196
118
0,554697770584755
8
365
440
0,870845272013616
9
257
463
0,834319948924898
10
45
488
0,99609375
11
326
230
0,309604849394942
12
128
48
0,917919166573719
13
359
476
0,981190952090173
14
349
440
0,839758199958792
15
402
195
0,632450522025182
16
447
180
0,818656046608448
17
430
451
0,99609375
18
33
272
0,850996160138178
19
362
278
0,45235282351239
20
186
172
0,390418863602724
21
427
380
0,860626601556484
22
414
73
0,942420177043149
23
499
4
0,99609375
24
360
282
0,449734696487405
25
34
76
0,99609375
26
213
380
0,528150709691059
27
368
328
0,553265670389213
28
216
175
0,320623376911796
29
303
254
0,210715556752988
30
293
451
0,806473559176787
31
399
276
0,591951681143186
32
353
384
0,663078368682418
33
408
175
0,686114926544441
34
168
244
0,318751755550623
35
85
92
0,891178251683975
36
78
478
0,99609375
37
276
372
0,489167898343335
38
61
446
0,99609375
39
315
55
0,803707563933395
40
49
355
0,883643514806719
41
115
67
0,885915888632297
42
406
325
0,678909545401614
43
482
67
0,99609375
44
312
101
0,628899114389525
45
235
358
0,426506423901901
46
469
107
0,99609375
47
484
234
0,918798456790921
48
273
150
0,399391794107353
49
26
29
0,99609375
50
164
324
0,441780849455027
51
335
116
0,620890219725533
52
196
441
0,77791938465594
53
498
234
0,970873769702768
54
103
495
0,99609375
55
266
270
0,102574523021606
56
359
248
0,426435272034258
57
204
438
0,758039120394198
58
336
331
0,464080524988223
59
370
28
0,986337149869452
60
402
341
0,693157040363267
61
362
66
0,839150221515593
62
9
227
0,945001189577294
63
123
470
0,994911528331448
64
493
42
0,99609375
65
98
410
0,862653074987996
66
419
286
0,676472897528969
67
390
225
0,557404341707378
68
19
499
0,99609375
69
370
464
0,961226452351027
70
327
247
0,303188229996796
71
464
317
0,877730095041544
72
334
465
0,903845708591616
73
499
220
0,979629716196238
74
403
46
0,99609375
75
398
441
0,948085488990703
76
280
498
0,978685000185069
77
127
323
0,556975679600036
78
461
268
0,830893581923697
79
106
469
0,99609375
80
318
27
0,910701446982259
81
240
61
0,738060768105745
82
397
356
0,708140277799838
83
350
73
0,794990926200638
84
358
478
0,988415716040587
85
418
336
0,74191279745275
86
461
405
0,99609375
87
200
154
0,418554469483888
88
376
44
0,941523850305738
89
231
43
0,808084193294709
90
228
402
0,602384574924278
91
67
447
0,99609375
92
143
156
0,553146348288771
93
130
420
0,813114843490035
94
158
67
0,798691944390537
95
263
250
0,0541909651743057
96
392
400
0,810467284361498
97
145
300
0,452318559470603
98
6
403
0,99609375
99
420
478
0,99609375
100
114
425
0,867223854631718
101
362
424
0,811072720857005
102
127
61
0,877531954864213
103
480
374
0,99609375
104
298
472
0,890353574222025
105
446
416
0,99609375
106
36
62
0,99609375
107
241
416
0,650029588341659
108
459
293
0,836739573641709
109
417
240
0,657051239281541
110
225
430
0,709946429270134
111
414
290
0,663397925768892
112
214
168
0,347941666628462
113
444
60
0,99609375
114
260
400
0,588104604267951
115
148
473
0,958959951518472
116
124
253
0,489098125590093
117
429
302
0,729704587358561
118
40
142
0,920121931460862
119
320
81
0,714217198623279
120
176
256
0,289274149808931
121
122
185
0,558332416667648
122
120
346
0,631476098387838
123
213
329
0,341495478933225
124
158
229
0,364737217000848
125
340
213
0,381651410156719
126
485
179
0,95873201831571
127
253
184
0,256297270597717
128
11
71
0,99609375
129
209
458
0,831422563522936
130
117
420
0,841142008852268
131
113
398
0,785397790400164
132
324
473
0,918135654067162
133
292
283
0,211034728723629
134
133
439
0,869376283538929
135
375
316
0,557289400090076
136
472
336
0,932310366367236
137
63
468
0,99609375
138
307
229
0,23904871858083
139
170
368
0,556650114328155
140
454
114
0,957216472508068
141
401
30
0,99609375
142
59
435
0,99609375
143
488
444
0,99609375
144
499
244
0,974377222430381
145
291
468
0,86878373561048
146
433
361
0,838465488109256
147
463
256
0,834406977052806
148
142
224
0,430590340340028
149
361
147
0,590964783113294
150
54
430
0,99609375
151
196
219
0,242496865717236
152
353
23
0,972586956473735
153
240
148
0,397352160615768
154
116
285
0,541054379478124
155
376
281
0,51084193725882
156
401
341
0,69151765672594
157
4
3
0,99609375
158
18
83
0,99609375
159
338
388
0,64229702824971
160
484
347
0,992252322211642
161
284
388
0,558198763015069
162
148
407
0,731423330137984
163
383
110
0,754183170816623
164
373
307
0,530794106518
165
325
83
0,715739876037546
166
367
22
0,99609375
167
313
24
0,916435404347445
168
418
182
0,708621840184962
169
177
36
0,882436088812082
170
194
339
0,411495524872873
171
328
214
0,338158253185344
172
368
9
0,99609375
173
67
91
0,944978962689246
174
356
460
0,920767199787128
175
237
59
0,745365646795515
176
386
472
0,99609375
177
162
207
0,378245791969419
178
145
307
0,46547540824109
179
70
446
0,99609375
180
139
130
0,63603829652048
181
275
308
0,248786229241426
182
459
293
0,835279658298376
183
413
378
0,813988406230834
184
28
480
0,99609375
185
85
335
0,726437455246272
186
406
302
0,642544338307939
187
194
145
0,464723743339466
188
18
70
0,99609375
189
20
139
0,994986291275394
190
340
291
0,389088285272674
191
253
412
0,636615156534538
192
69
266
0,706408239563589
193
197
395
0,604263156197922
194
359
105
0,708578307098873
195
378
110
0,739535646376355
196
111
231
0,544922735628553
197
396
64
0,922355584053503
198
63
20
0,99609375
199
254
74
0,686572247858893
200
95
188
0,64931050674088
201
63
376
0,880231204339252
202
374
401
0,76841880121093
203
153
83
0,749939244754034
204
278
17
0,913574037914393
205
189
75
0,722096502024135
206
286
431
0,723218387214949
207
105
347
0,68084648647721
208
376
362
0,661283959893405
209
238
193
0,226765767895858
210
96
18
0,99609375
211
19
422
0,99609375
212
102
474
0,99609375
213
224
174
0,310144428559431
214
405
129
0,769916113806769
215
81
497
0,99609375
216
315
446
0,808174428155653
217
43
152
0,892681514970675
218
228
377
0,505600107354865
219
37
167
0,88817545940432
220
112
113
0,757739033609186
221
116
341
0,632108169022551
222
416
303
0,681347097709784
223
324
180
0,397530921908458
224
125
48
0,926072744278982
225
188
201
0,307062739879281
226
282
61
0,745586450484483
227
477
77
0,99609375
228
168
140
0,533088639428465
229
273
400
0,596556896541232
230
177
478
0,936672996045462
231
178
149
0,483439204880242
232
436
191
0,764630045421007
233
260
340
0,355401879769258
234
387
453
0,96076261784004
235
119
498
0,99609375
236
324
70
0,760006917765498
237
80
483
0,99609375
238
401
177
0,656450569775854
239
6
299
0,969279205731581
240
149
43
0,895160425129024
241
49
357
0,888209687850243
242
441
379
0,902220519017577
243
215
253
0,135185940276006
244
468
466
0,99609375
245
483
88
0,99609375
246
103
137
0,721360391111947
247
490
133
0,99609375
248
434
467
0,99609375
249
404
224
0,613267216335757
250
42
483
0,99609375
251
292
171
0,347711478843421
252
429
189
0,738549088798254
253
376
211
0,515745230021227
254
481
493
0,99609375
255
175
491
0,98596449977694
256
133
474
0,98820604809929
257
250
133
0,453482671204104
258
429
320
0,751673638183601
259
208
56
0,771440439383478
260
476
6
0,99609375
261
371
421
0,822766173729255
262
470
30
0,99609375
263
394
187
0,615376666123179
264
80
446
0,99609375
265
48
434
0,99609375
266
272
282
0,153889193999699
267
256
166
0,328292042739095
268
251
377
0,499798331622413
269
428
251
0,696433769341531
270
3
3
0,99609375
271
271
474
0,882001282343993
272
290
492
0,958968742521769
273
454
129
0,92894480588319
274
386
356
0,674946166822353
275
204
114
0,5584213094252
276
259
347
0,384288222241399
277
248
36
0,835540888838188
278
112
370
0,715237133399936
279
201
398
0,610187717170623
280
295
188
0,297390680858379
281
131
34
0,959144736771507
282
445
241
0,763551484716251
283
218
351
0,414226050063364
284
218
84
0,657509932153248
285
382
51
0,933498218747964
286
392
457
0,981314417670616
287
53
472
0,99609375
288
234
396
0,577179882898845
289
131
478
0,99609375
290
75
265
0,683031186067718
291
301
223
0,225896728194899
292
241
434
0,721040093253704
293
174
424
0,742665983789728
294
33
220
0,852908703442429
295
54
381
0,920646312270675
296
176
29
0,906882266355186
297
456
314
0,844280146310289
298
372
237
0,47969906490158
299
29
48
0,99609375
300
273
103
0,57912830367869
301
411
301
0,660480163176182
302
473
153
0,951817415596963
303
221
302
0,231372384499418
304
294
276
0,201653841048568
305
301
215
0,242279514362808
306
238
223
0,112487060124736
307
322
29
0,906314034003254
308
387
407
0,816564025474296
309
293
10
0,949231714809563
310
66
293
0,736876622763263
311
317
498
0,99609375
312
30
1
0,99609375
313
374
362
0,655885963419833
314
0
238
0,974338790708555
315
100
497
0,99609375
316
367
82
0,798576839516284
317
204
472
0,885977892848369
318
354
0
0,99609375
319
249
87
0,63435959533243
320
212
372
0,501705340235085
321
130
257
0,46862111801022
322
418
339
0,745927132140008
323
142
453
0,897837168002186
324
207
426
0,709594683366543
325
427
464
0,99609375
326
443
18
0,99609375
327
482
479
0,99609375
328
286
412
0,652063689677867
329
270
472
0,873275712611056
330
279
359
0,442625996681996
331
301
55
0,784786778255142
332
176
303
0,356379290698609
333
347
156
0,528824776893093
334
18
350
0,984099744762845
335
175
387
0,609537746876216
336
157
205
0,399022788343082
337
298
193
0,290183491051676
338
163
60
0,814760089127026
339
79
191
0,70544255470944
340
359
421
0,794433708252679
341
155
74
0,779495570823642
342
310
135
0,505418939423814
343
53
349
0,857851431062029
344
100
224
0,592439657728246
345
186
441
0,788018001063606
346
229
277
0,134224078010093
347
308
352
0,462140307948488
348
71
74
0,977999088731498
349
81
115
0,843027353115174
350
491
486
0,99609375
351
434
356
0,830907747535349
352
251
40
0,817349870750937
353
306
238
0,225092297980739
354
220
288
0,190741502028751
355
316
225
0,274768151458063
356
333
79
0,742641451403344
357
113
357
0,679325554332096
358
204
227
0,20056452821294
359
244
40
0,819457454990672
360
249
498
0,970878201024033
361
55
294
0,778442322920035
362
164
233
0,340510817736497
363
157
380
0,624429339305368
364
397
445
0,956655194260168
365
122
89
0,802399646089822
366
478
463
0,99609375
367
200
373
0,518755891719083
368
487
298
0,947363799875934
369
323
270
0,296108574599462
370
329
315
0,403452041789045
371
128
311
0,531038280644023
372
408
460
0,99609375
373
107
149
0,680531860663261
374
163
450
0,852836349538303
375
148
344
0,540331975291523
376
329
41
0,873564472696452
377
365
492
0,99609375
378
430
139
0,825685364371319
379
192
17
0,936552972530273
380
382
425
0,86071317116534
381
340
274
0,3665231298781
382
166
226
0,339157293203059
383
247
370
0,46937873322934
384
379
240
0,506558973032949
385
370
405
0,767009243915905
386
403
474
0,99609375
387
210
433
0,733373171623046
388
369
243
0,467772031436879
389
385
204
0,558869843925531
390
126
8
0,99609375
391
216
446
0,779725543720348
392
296
277
0,212376787616012
393
259
437
0,734617855666093
394
97
207
0,617298980332299
395
442
347
0,843851936595892
396
106
305
0,601875724135489
397
387
403
0,804990578794343
398
475
354
0,970357880361619
399
145
181
0,487273392996953
400
213
237
0,151971018825171
401
270
423
0,682339592176673
402
80
243
0,662540312836816
403
440
354
0,84916835136791
404
330
432
0,777749102471558
405
123
186
0,55324215213408
406
254
488
0,930926802113991
407
390
374
0,735140078617666
408
208
393
0,583940445815125
409
477
388
0,99609375
410
467
309
0,880409315050484
411
272
172
0,316033773179497
412
297
22
0,908536457847391
413
298
98
0,623108413088017
414
87
307
0,672800588008813
415
458
15
0,99609375
416
98
203
0,619853241048754
417
490
389
0,99609375
418
237
293
0,175810954345705
419
366
53
0,893215643431958
420
337
404
0,693878207707554
421
107
165
0,64646432390643
422
83
256
0,649788707004227
423
93
118
0,799799843565948
424
414
12
0,99609375
425
194
81
0,692210824645049
426
376
257
0,49543195738198
427
214
403
0,617433720995396
428
465
98
0,99609375
429
125
58
0,892897042141257
430
444
342
0,841136324680787
431
267
23
0,888705003567993
432
474
108
0,99609375
433
88
50
0,99609375
434
497
1
0,99609375
435
137
415
0,783052474985448
436
27
424
0,99609375
437
50
62
0,99609375
438
201
106
0,591357083593962
439
88
41
0,99609375
440
428
180
0,749466620330453
441
183
75
0,731344602121074
442
112
376
0,730613591364488
443
138
341
0,56218873472851
444
489
86
0,99609375
445
423
139
0,805121928734138
446
167
308
0,394184793785549
447
108
495
0,99609375
448
137
84
0,782599427572494
449
191
475
0,910022227042596
450
167
42
0,87090601956687
451
120
413
0,813348058282072
452
375
279
0,502003401596134
453
54
451
0,99609375
454
206
151
0,42130053384193
455
202
358
0,463283277818181
456
9
84
0,99609375
457
129
263
0,475012639646006
458
159
192
0,420852440646872
459
410
97
0,866044885289102
460
469
247
0,858311427573814
461
61
410
0,968325892009115
462
77
497
0,99609375
463
248
219
0,120200534390829
464
316
55
0,802025684194676
465
425
117
0,86032367025643
466
414
112
0,837629844801939
467
374
386
0,719491337280685
468
60
270
0,745662239632099
469
199
333
0,379670705807163
470
322
186
0,375997973565027
471
134
338
0,566739925871835
472
384
65
0,892605932174335
473
129
83
0,80267878250944
474
178
344
0,462722268403438
475
336
444
0,832429155550845
476
173
94
0,677610766546447
477
5
420
0,99609375
478
481
210
0,918434924574764
479
335
377
0,598900012094656
480
30
334
0,918061391993364
481
135
150
0,59137866739115
482
225
85
0,65087100124951
483
443
396
0,949712578205737
484
209
243
0,158622220121369
485
203
388
0,572411228338755
486
492
77
0,99609375
487
274
283
0,162112875107592
488
112
223
0,546688651347671
489
25
12
0,99609375
490
368
164
0,569548380226068
491
40
471
0,99609375
492
219
480
0,909602130849094
493
443
320
0,804940858615217
494
107
453
0,972342656050622
495
404
349
0,718640361617441
496
434
322
0,775015029926771
497
302
487
0,950125538113916
498
50
484
0,99609375
499
112
299
0,571162164682312
500
121
232
0,506176790924804
501
373
435
0,872035529635513
502
141
447
0,879980693013963
503
452
96
0,993468017862227
504
319
222
0,290819927907362
505
307
258
0,227482108965628
506
184
322
0,383255021854504
507
9
366
0,99609375
508
294
164
0,37701396012203
509
431
244
0,708462889180428
510
141
123
0,651978501273726
511
289
256
0,157492396610739
512
338
353
0,532415289063971
513
454
169
0,857265810415144
514
275
287
0,176244362647332
515
232
128
0,479168003834805
516
110
226
0,552080332829788
517
390
135
0,709259663683329
518
291
104
0,591362466457143
519
330
272
0,32456822914206
520
28
347
0,945784561505335
521
1
384
0,99609375
522
146
145
0,574733701171092
523
165
111
0,632003269442396
524
313
436
0,768659827595016
525
192
386
0,577652626654846
526
52
367
0,896807100625993
527
157
498
0,99609375
528
442
117
0,914437515987422
529
97
287
0,614029900674024
530
492
282
0,957580220915705
531
320
31
0,896324873436283
532
490
178
0,979201217986114
533
148
457
0,903589594535328
534
431
373
0,858786227010697
535
74
190
0,722412214681246
536
334
159
0,483955245597865
537
216
294
0,216157422698027
538
121
405
0,787262449425757
539
109
192
0,590670194295359
540
187
342
0,435177319287764
541
356
338
0,541680001332454
542
94
345
0,713365865698549
543
75
243
0,680804753754965
544
68
392
0,900658260366653
545
192
173
0,372071497672205
546
6
42
0,99609375
547
279
245
0,114850264101206
548
26
469
0,99609375
549
393
467
0,99609375
550
497
208
0,981011386601614
551
180
439
0,790300057794185
552
361
2
0,99609375
553
52
393
0,954988184603191
554
151
363
0,589137187734102
555
376
37
0,966885841423781
556
7
404
0,99609375
557
99
150
0,703625593722972
558
426
482
0,99609375
559
437
144
0,83936929084148
560
103
404
0,834080640617164
561
388
39
0,985725960469688
562
180
401
0,648981949520795
563
183
291
0,307460800421247
564
380
470
0,99609375
565
267
152
0,388069191952658
566
11
142
0,99609375
567
195
479
0,922542078701637
568
162
416
0,735415556315663
569
477
91
0,99609375
570
293
182
0,314946489842028
571
92
204
0,641433569130243
572
15
155
0,986775782962413
573
166
102
0,662150817410199
574
442
128
0,889403754510457
575
319
44
0,847758566777114
576
32
249
0,85012656132575
577
364
92
0,759341326920597
578
319
140
0,505273776747536
579
258
460
0,822022352795392
580
319
260
0,273535574791528
581
13
180
0,963242356803276
582
96
224
0,608296028315398
583
25
364
0,983291684076402
584
209
120
0,531817199324785
585
488
9
0,99609375
586
4
345
0,99609375
587
350
420
0,774591235014127
588
312
183
0,356103614151378
589
23
25
0,99609375
590
234
80
0,663225380967812
591
349
251
0,387758965134602
592
150
222
0,401483744206388
593
119
262
0,510672297346532
594
278
102
0,586488878524857
595
160
21
0,957714862143737
596
157
17
0,978032002082072
597
272
33
0,85013939443253
598
168
411
0,706720319576331
599
108
291
0,575544001682534
600
129
302
0,512762554090743
601
393
322
0,626871833027704
602
140
310
0,488540064918103
603
39
187
0,856638077383921
604
398
443
0,952804962777432
605
279
135
0,463369337771926
606
117
233
0,522976548667643
607
225
238
0,104969846514353
608
410
261
0,630561644153618
609
29
373
0,986996734803471
610
104
263
0,570177319599364
611
85
106
0,851042506166193
612
459
466
0,99609375
613
351
487
0,99609375
614
72
317
0,741147826248422
615
251
401
0,590559800536546
616
75
232
0,685414694842097
617
396
432
0,912660967594118
618
187
26
0,905372222614536
619
111
340
0,647676312725732
620
183
432
0,760116165723541
621
363
335
0,554044936249168
622
322
25
0,922331376740417
623
404
424
0,909736615431206
624
291
34
0,857858434051668
625
122
406
0,789732260090608
626
382
235
0,519537803046401
627
186
365
0,515419822647723
628
216
286
0,194542358201828
629
362
174
0,531802313591817
630
458
52
0,99609375
631
114
81
0,844236373321258
632
191
378
0,552068170791949
633
59
384
0,910977486897179
634
337
293
0,381372355092217
635
50
384
0,939058704007764
636
150
189
0,454621220566871
637
190
171
0,383404310520186
638
400
250
0,587734326679203
639
283
434
0,731238762017914
640
61
427
0,99609375
641
195
38
0,853920669489302
642
194
344
0,429573049670238
643
19
340
0,968850517804763
644
45
30
0,99609375
645
216
401
0,605367684796382
646
163
436
0,80441961378332
647
381
130
0,695304727785044
648
318
281
0,293607877060774
649
143
444
0,864563319226537
650
465
19
0,99609375
651
86
498
0,99609375
652
483
238
0,914278949747132
653
256
193
0,223506881690652
654
44
14
0,99609375
655
465
465
0,99609375
656
2
428
0,99609375
657
112
31
0,99609375
658
356
76
0,79618485227816
659
386
346
0,654194547791486
660
359
219
0,444442995188452
661
339
307
0,413771036040942
662
77
149
0,781506860128273
663
220
213
0,182214913555414
664
307
60
0,775084746103003
665
353
118
0,653973014960083
666
106
339
0,659990653928971
667
468
42
0,99609375
668
340
197
0,409236056202661
669
54
456
0,99609375
670
88
325
0,695653953630566
671
295
31
0,873516072856191
672
65
250
0,722483801356204
673
398
234
0,583318338660431
674
324
350
0,49013975243788
675
273
241
0,0979798179775099
676
394
297
0,595316543396672
677
84
246
0,646037351918368
678
180
279
0,294939837686811
679
420
334
0,744910783968696
680
17
42
0,99609375
681
385
484
0,99609375
682
160
346
0,513660227749954
683
358
163
0,543661196791447
684
460
70
0,99609375
685
190
158
0,425191753469138
686
21
430
0,99609375
687
257
33
0,845451186566325
688
423
308
0,715708765821378
689
242
326
0,299706634000865
690
250
485
0,920534782806037
691
389
456
0,972319156248272
692
286
112
0,55701168228275
693
223
309
0,252697730833269
694
254
222
0,110192210608933
695
361
61
0,856601194979069
696
276
220
0,157039868421897
697
438
46
0,99609375
698
439
310
0,77941199299251
699
370
218
0,485983604132974
700
392
235
0,557796800274887
701
274
254
0,0971465733248969
702
160
114
0,633701855374071
703
219
464
0,844643174738256
704
40
50
0,99609375
705
322
372
0,555784332240385
706
37
94
0,99609375
707
83
32
0,99609375
708
153
429
0,796730037016451
709
198
48
0,812058586336676
710
122
49
0,927647392603047
711
408
238
0,619829597144101
712
208
129
0,499435496963801
713
382
301
0,554912350062213
714
492
210
0,958398382218826
715
93
112
0,812390642844067
716
437
23
0,99609375
717
434
15
0,99609375
718
211
134
0,475991654579342
719
295
171
0,354848528896159
720
392
259
0,557015009851475
721
269
203
0,194827702815272
722
399
489
0,99609375
723
23
182
0,922680395311593
724
136
406
0,755050135031552
725
393
10
0,99609375
726
112
321
0,605407135608914
727
95
342
0,702278128451071
728
327
36
0,887779135755288
729
46
31
0,99609375
730
232
417
0,659556791077703
731
471
329
0,920435275000061
732
457
209
0,824764121707801
733
434
13
0,99609375
734
160
68
0,791215425738876
735
320
18
0,945198407963262
736
133
26
0,983527679079712
737
156
362
0,572853064622489
738
280
204
0,214459341900807
739
338
219
0,365613639219909
740
105
200
0,597893885493468
741
165
85
0,720915116845963
742
317
83
0,70255242613027
743
0
116
0,99609375
744
427
91
0,929694773509844
745
188
174
0,379771284140914
746
88
264
0,633793496726959
747
439
474
0,99609375
748
287
439
0,756421225341785
749
246
190
0,234452516812097
750
54
9
0,99609375
751
21
67
0,99609375
752
85
374
0,807014072678968
753
376
85
0,81043981245103
754
165
232
0,337256329717808
755
62
122
0,886246431614565
756
197
326
0,362431482960589
757
426
32
0,99609375
758
252
386
0,531466841356929
759
11
374
0,99609375
760
209
318
0,311531826560822
761
86
68
0,955073067337058
762
380
145
0,651031278831794
763
430
369
0,844000998530501
764
87
182
0,687707308473925
765
74
340
0,769637246120198
766
457
148
0,902921579953033
767
164
95
0,689374032508903
768
178
97
0,65760551425763
769
0
442
0,99609375
770
206
414
0,664148844916786
771
450
194
0,812872225412915
772
29
65
0,99609375
773
477
261
0,888672374027947
774
338
406
0,703043066614654
775
221
401
0,603122285082855
776
428
372
0,844405594911395
777
480
235
0,902403086030174
778
423
453
0,99609375
779
187
439
0,778928323898229
780
444
7
0,99609375
781
498
483
0,99609375
782
157
221
0,376266444510155
783
165
49
0,850598380136505
784
161
330
0,467388828680626
785
353
154
0,550747640581329
786
385
69
0,881995046134159
787
167
295
0,366702790066889
788
368
391
0,719017459947682
789
38
314
0,862643852550627
790
168
168
0,449366730658234
791
30
180
0,897920524738621
792
460
173
0,873692316130354
793
412
84
0,904792909668604
794
167
429
0,770177298625652
795
171
225
0,32148560273589
796
409
61
0,966839323044678
797
497
198
0,98897943597926
798
416
467
0,99609375
799
36
308
0,863030164831366
800
399
427
0,908651136368825
801
99
7
0,99609375
802
52
67
0,99609375
803
16
358
0,99609375
804
204
185
0,307685199466897
805
367
32
0,965463415474943
806
414
372
0,800974219622843
807
270
276
0,1298839106203
808
476
317
0,92502992131162
809
23
484
0,99609375
810
309
80
0,701800061775048
811
381
232
0,518579830501482
812
159
128
0,59198783641623
813
244
324
0,2917925926877
814
71
469
0,99609375
815
379
400
0,775324678434077
816
354
230
0,414559211543683
817
414
240
0,64519771589502
818
68
23
0,99609375
819
127
392
0,733934723522332
820
156
53
0,847849657105749
821
380
482
0,99609375
822
61
138
0,854735802878573
823
311
36
0,865660825114135
824
290
221
0,19207657390795
825
221
98
0,602002134368919
826
444
52
0,99609375
827
499
319
0,99609375
828
46
367
0,918820156520945
829
348
424
0,781597675892687
830
322
191
0,363043361290396
831
287
235
0,155003617078254
832
306
466
0,875507847482692
833
178
183
0,382336888340585
834
457
29
0,99609375
835
207
453
0,812890909872556
836
189
130
0,522956717227987
837
327
255
0,305090130268651
838
200
399
0,614253431005911
839
170
20
0,94819975963014
840
317
207
0,310597331141794
841
34
349
0,928561721343097
842
247
280
0,119903342660392
843
456
302
0,832757393832396
844
231
95
0,608742162032249
845
194
201
0,287966989377976
846
175
203
0,344402536728705
847
70
465
0,99609375
848
266
144
0,418320818568518
849
176
94
0,672154633991486
850
460
127
0,950989198041398
851
79
260
0,668998503796474
852
14
267
0,922720604266536
853
408
313
0,66848246144598
854
224
244
0,103836986428027
855
119
147
0,649791254178879
856
196
327
0,368765095732885
857
106
114
0,769621471768634
858
157
437
0,816136134155
859
488
25
0,99609375
860
10
375
0,99609375
861
451
362
0,90255464716648
862
334
6
0,99609375
863
278
486
0,929088039403306
864
60
362
0,862640020260301
865
488
56
0,99609375
866
223
76
0,686191411893442
867
59
189
0,778968108102336
868
128
273
0,482358579850553
869
335
479
0,957303530001222
870
371
143
0,632797343336688
871
78
487
0,99609375
872
475
47
0,99609375
873
4
347
0,99609375
874
96
455
0,99609375
875
307
329
0,383452064462275
876
156
150
0,534318122747772
877
84
84
0,914607553546349
878
176
216
0,317296889482349
879
425
8
0,99609375
880
489
422
0,99609375
881
253
361
0,434891634672704
882
255
63
0,729552277953979
883
423
120
0,848315670022942
884
267
417
0,656985600672587
885
485
383
0,99609375
886
102
8
0,99609375
887
153
367
0,591945377203577
888
297
464
0,856593752812816
889
386
287
0,553893266932936
890
1
431
0,99609375
891
389
104
0,787654289730603
892
55
158
0,840142339553914
893
399
72
0,907546512070707
894
492
475
0,99609375
895
13
412
0,99609375
896
348
326
0,486796450208912
897
490
448
0,99609375
898
389
216
0,560738272670595
899
231
412
0,638865532785254
900
123
384
0,721135267741675
901
79
179
0,720745758475492
902
469
423
0,99609375
903
227
147
0,408976725652251
904
496
217
0,971745215834717
905
286
212
0,206753105673708
906
329
138
0,53540886104782
907
6
57
0,99609375
908
33
149
0,933955611502073
909
305
97
0,635888036323778
910
163
351
0,521056787212385
911
127
292
0,50503890126243
912
403
73
0,914504972612531
913
35
275
0,841841071910511
914
17
204
0,923934241863886
915
477
80
0,99609375
916
232
474
0,878871067324197
917
163
116
0,620675429783768
918
351
210
0,426916498001149
919
134
131
0,646070192697869
920
431
252
0,708259231951187
921
75
275
0,686937467159425
922
188
301
0,313613760592537
923
82
209
0,671632151197665
924
320
432
0,76425221577903
925
415
240
0,64814706870923
926
410
134
0,773344992351779
927
249
272
0,0873030632409651
928
256
287
0,147268736440046
929
275
396
0,581526169673521
930
387
452
0,955304008750937
931
129
291
0,49616984074158
932
239
206
0,176248431846666
933
479
355
0,987574344178272
934
474
389
0,99609375
935
206
323
0,333149796726439
936
14
174
0,965891979910544
937
165
411
0,710508925691807
938
275
352
0,413885433251789
939
103
102
0,81189583167599
940
490
326
0,985607657419722
941
454
85
0,99609375
942
289
236
0,162001075641114
943
169
97
0,673208442453548
944
225
391
0,559656993017353
945
359
64
0,841672261097807
946
434
237
0,721746054987922
947
244
479
0,895342799936165
948
122
284
0,517067594026332
949
35
482
0,99609375
950
321
227
0,293455508251799
951
234
430
0,706701704011292
952
226
92
0,622158758874498
953
226
236
0,107011469373082
954
468
337
0,921333151745943
955
496
404
0,99609375
956
183
173
0,396541667494923
957
406
61
0,956847272089803
958
497
44
0,99609375
959
2
2
0,99609375
960
36
382
0,982107364575217
961
130
83
0,800310836468559
962
30
141
0,957936770122582
963
388
276
0,552288812807628
964
430
186
0,746020585707086
965
289
491
0,954384722821104
966
317
121
0,566333700925029
967
280
262
0,128849841746895
968
91
24
0,99609375
969
358
196
0,472967304748992
970
10
433
0,99609375
971
128
387
0,715841876414546
972
394
455
0,982121073422498
973
381
260
0,515735044250426
974
331
182
0,412940922362719
975
481
77
0,99609375
976
282
32
0,858027064262526
977
446
439
0,99609375
978
97
150
0,71066924202438
979
400
84
0,87192750086064
980
203
449
0,799056434533368
981
306
282
0,253846016921655
982
48
5
0,99609375
983
86
61
0,97450171330521
984
393
143
0,697993411744675
985
469
472
0,99609375
986
186
305
0,330710368194704
987
492
103
0,99609375
988
253
242
0,0316270527525049
989
189
74
0,726299592571054
990
259
128
0,477670314586258
991
445
247
0,762546627583927
992
204
211
0,231370736440136
993
209
284
0,209451146278963
994
175
341
0,459543708742069
995
165
440
0,815480958294667
996
124
273
0,499112526860285
997
493
61
0,99609375
998
126
346
0,61142106470587
999
338
388
0,642407457364653
1000
369
320
0,540467692168778
1001
367
188
0,517915748982129
1002
213
9
0,950848040999158
1003
391
476
0,99609375
1004
40
342
0,894660973833269
1005
185
354
0,480156032670911
1006
461
326
0,877041852615437
1007
324
75
0,741688090117069
1008
4
59
0,99609375
1009
77
337
0,755328313735585
1010
296
301
0,272479985015773
1011
385
52
0,937416285913682
1012
477
28
0,99609375
1013
348
412
0,740052358199022
1014
312
430
0,745853802137021
1015
476
407
0,99609375
1016
404
300
0,635177201690341
1017
204
439
0,762018657955379
1018
260
256
0,0496329722814073
1019
34
195
0,86987477130493
1020
320
232
0,283231981141753
1021
243
332
0,323332351411374
1022
155
310
0,438521135299036
1023
479
298
0,91661959529127
1024
448
417
0,99609375
1025
57
67
0,99609375
1026
269
1
0,974086960845174
1027
92
67
0,943242903246138
1028
434
315
0,763293159174489
1029
210
184
0,298672506126082
1030
161
479
0,960208491582713
1031
164
110
0,640414753117055
1032
366
278
0,468259856235997
1033
450
160
0,856801353279941
1034
121
385
0,72947035877523
1035
314
247
0,253448937541026
1036
25
381
0,99609375
1037
16
64
0,99609375
1038
57
53
0,99609375
1039
396
167
0,657955394826531
1040
49
49
0,99609375
1041
463
394
0,99609375
1042
373
408
0,784865964845291
1043
138
403
0,740002969864833
1044
208
137
0,467629785306249
1045
5
445
0,99609375
1046
46
349
0,885729849326172
1047
34
341
0,915310403077025
1048
68
133
0,843231550405396
1049
465
377
0,980003626150026
1050
360
319
0,509828287585638
1051
177
63
0,780840120862863
1052
102
310
0,621269008679153
1053
42
387
0,97135141248554
1054
484
28
0,99609375
1055
9
380
0,99609375
1056
418
43
0,99609375
1057
135
111
0,701614951177569
1058
16
269
0,916898516591331
1059
237
457
0,812924202646872
1060
139
47
0,902202656308492
1061
451
483
0,99609375
1062
379
369
0,687959678223265
1063
200
175
0,348667750929541
1064
347
175
0,479964307743709
1065
496
424
0,99609375
1066
87
18
0,99609375
1067
306
229
0,234051302642761
1068
372
399
0,754087635845348
1069
291
62
0,749230365137857
1070
366
251
0,454253981693623
1071
418
180
0,711337751104732
1072
128
124
0,6823181821192
1073
26
2
0,99609375
1074
214
422
0,687819687891499
1075
324
298
0,348488295579054
1076
396
8
0,99609375
1077
237
313
0,252480838100203
1078
367
193
0,50967670544287
1079
184
233
0,264933036511764
1080
109
367
0,715178085513511
1081
39
308
0,8546392918511
1082
32
85
0,99609375
1083
293
399
0,608511182826377
1084
237
405
0,609588284046775
1085
239
116
0,522172923528502
1086
477
174
0,938061519706932
1087
91
388
0,822116892069994
1088
128
270
0,480787602905752
1089
355
254
0,411661703252575
1090
342
198
0,413564169544818
1091
461
425
0,99609375
1092
350
197
0,443117752891728
1093
27
79
0,99609375
1094
280
492
0,95662456626451
1095
362
178
0,519410136282477
1096
215
58
0,761067209358276
1097
453
499
0,99609375
1098
211
109
0,568843489357422
1099
148
43
0,899731095617189
1100
331
127
0,574567518252919
1101
265
308
0,237381668589751
1102
182
208
0,308392836263962
1103
320
222
0,295549503830602
1104
416
349
0,759085865282424
1105
184
96
0,649658464218241
1106
338
429
0,781237317854812
1107
391
411
0,837095361907879
1108
405
113
0,808371411188993
1109
458
334
0,878022507868471
1110
57
214
0,764181816581377
1111
118
244
0,513831782112489
1112
43
60
0,99609375
1113
401
419
0,888567393870546
1114
220
92
0,626575175748839
1115
176
19
0,946086939036444
1116
121
312
0,555847881639671
1117
423
214
0,691837504231878
1118
432
152
0,807571763170749
1119
242
142
0,42133801565308
1120
377
305
0,541815885167995
1121
162
431
0,787172836407729
1122
308
265
0,234528091134404
1123
340
285
0,378529409645059
1124
167
42
0,873377414669365
1125
93
98
0,852822956064353
1126
151
314
0,461027418352535
1127
485
116
0,99609375
1128
8
21
0,99609375
1129
265
122
0,503055145908317
1130
306
400
0,629329873224801
1131
1
324
0,99609375
1132
173
165
0,445900440848395
1133
474
26
0,99609375
1134
5
176
0,99609375
1135
478
253
0,893983654889384
1136
371
315
0,539982217415449
1137
457
252
0,809039187045239
1138
52
187
0,810790309599797
1139
436
278
0,734926028076225
1140
220
115
0,536504943348403
1141
252
178
0,279734351878359
1142
499
78
0,99609375
1143
368
307
0,513434427250763
1144
326
306
0,37259998335086
1145
206
410
0,650548688271526
1146
387
120
0,737693060650387
1147
335
476
0,945814710927428
1148
303
337
0,401410802744056
1149
258
142
0,421117178542579
1150
290
313
0,294191466791253
1151
280
490
0,947635669099791
1152
63
339
0,808648016019157
1153
226
335
0,345030539786268
1154
357
233
0,424344884893048
1155
64
321
0,776004122412639
1156
85
487
0,99609375
1157
401
190
0,634596047565683
1158
148
323
0,489286105440311
1159
325
94
0,674498134175951
1160
297
167
0,372114433939773
1161
199
199
0,279871744246757
1162
470
68
0,99609375
1163
366
251
0,453530449820397
1164
480
480
0,99609375
1165
448
214
0,78883094746858
1166
428
293
0,7194059374095
1167
488
407
0,99609375
1168
335
261
0,338115514406695
1169
114
159
0,636022292541276
1170
351
32
0,936462999870232
1171
450
93
0,992562509579004
1172
242
384
0,526279435182587
1173
324
400
0,655698646600535
1174
218
144
0,428115436597159
1175
328
480
0,950923160223338
1176
12
163
0,988870080497461
1177
345
122
0,620435909114681
1178
114
81
0,847162464624502
1179
20
495
0,99609375
1180
473
475
0,99609375
1181
354
376
0,64249871764962
1182
284
350
0,413507996112573
1183
392
292
0,581058174106505
1184
498
494
0,99609375
1185
355
386
0,672922734590331
1186
208
166
0,364967562147364
1187
242
264
0,0629687401154502
1188
217
105
0,577004679991613
1189
456
85
0,99609375
1190
243
465
0,843834996025821
1191
32
335
0,913555208625853
1192
152
468
0,933716236047309
1193
202
265
0,195348649457077
1194
448
365
0,896519634654059
1195
293
254
0,169139277373287
1196
241
119
0,510655698285334
1197
185
376
0,555234517246103
1198
178
73
0,743964676624448
1199
309
391
0,600814405246722
1200
491
32
0,99609375
1201
401
224
0,598785294009243
1202
289
441
0,7646516440724
1203
272
345
0,383677120380246
1204
420
80
0,939216895055994
1205
405
8
0,99609375
1206
124
434
0,87341201605182
1207
252
7
0,945759171716208
1208
443
19
0,99609375
1209
224
315
0,276841742458203
1210
147
127
0,624265591066096
1211
343
133
0,583591970842197
1212
201
100
0,614782753701275
1213
145
88
0,751684184469329
1214
481
366
0,99609375
1215
86
143
0,76263993880864
1216
296
65
0,744732318609431
1217
93
210
0,629048330915072
1218
64
307
0,757786149685048
1219
45
210
0,813216536406613
1220
195
356
0,467651871333723
1221
344
367
0,590713240983839
1222
459
284
0,830261494330451
1223
130
306
0,515777982030497
1224
367
177
0,53925615809084
1225
433
158
0,801143118751592
1226
349
493
0,99609375
1227
244
364
0,448439224827619
1228
189
267
0,247655421339162
1229
23
189
0,915536664013088
1230
296
183
0,316293536128934
1231
364
54
0,885492196318163
1232
494
262
0,95510371497882
1233
211
58
0,761472037776016
1234
340
41
0,887516071822353
1235
443
135
0,876993150622014
1236
474
13
0,99609375
1237
120
290
0,532089105026249
1238
282
475
0,891531122144606
1239
174
416
0,713817599890623
1240
469
338
0,925241129455226
1241
221
303
0,238092560799409
1242
432
428
0,99609375
1243
293
303
0,269135752899367
1244
320
229
0,28891256577702
1245
21
297
0,912076728346344
1246
283
356
0,435234091129664
1247
414
12
0,99609375
1248
492
290
0,959529563880491
1249
373
197
0,524761997166175
1250
73
71
0,979786457645817
1251
465
325
0,893202837624226
1252
234
297
0,196928737315733
1253
184
336
0,423744489686495
1254
373
453
0,928558945978217
1255
82
213
0,670850364624481
1256
93
107
0,826989935360023
1257
219
457
0,820841181088378
1258
462
60
0,99609375
1259
121
66
0,876066010640279
1260
468
408
0,99609375
1261
237
111
0,542828873851971
1262
20
145
0,984565233255841
1263
351
117
0,65099708198442
1264
98
107
0,810123307146207
1265
298
491
0,964011560773365
1266
102
476
0,99609375
1267
342
397
0,681786063300743
1268
372
395
0,743796942435499
1269
69
134
0,836222425491313
1270
243
457
0,811307742182384
1271
429
367
0,839512602104299
1272
146
308
0,462097627013384
1273
203
176
0,339456461783963
1274
136
456
0,920228038450023
1275
49
431
0,99609375
1276
168
307
0,388308785595468
1277
229
165
0,34155086584751
1278
333
354
0,522568991935294
1279
305
88
0,667739870554671
1280
446
66
0,99609375
1281
237
265
0,078061272014803
1282
154
90
0,726717004452625
1283
110
116
0,752191839429003
1284
264
321
0,286391713722783
1285
85
66
0,962188300471616
1286
491
486
0,99609375
1287
322
10
0,976293259458977
1288
478
370
0,99609375
1289
464
212
0,851032321417207
1290
442
175
0,806020800196841
1291
481
142
0,99609375
1292
58
367
0,877792985096117
1293
323
294
0,334853047268269
1294
247
177
0,283000422806461
1295
63
18
0,99609375
1296
90
481
0,99609375
1297
188
177
0,370574370456152
1298
220
164
0,354376016096025
1299
213
56
0,768679826619381
1300
197
86
0,669992010952002
1301
411
314
0,68048303186002
1302
371
482
0,99609375
1303
440
182
0,788746353719724
1304
485
218
0,926787325862179
1305
186
463
0,87114020085039
1306
389
93
0,82065128117352
1307
145
270
0,414697658134142
1308
84
94
0,885691840351087
1309
207
287
0,22193315303877
1310
267
316
0,266483394312328
1311
369
87
0,788757832623308
1312
257
66
0,717240789326521
1313
476
10
0,99609375
1314
297
144
0,451572758351658
1315
290
314
0,296934681463209
1316
156
407
0,716093318741532
1317
14
355
0,99609375
1318
263
166
0,328661624971073
1319
271
75
0,686508501434105
1320
426
140
0,812161850117664
1321
309
29
0,893066165060514
1322
491
100
0,99609375
1323
128
497
0,99609375
1324
335
417
0,735414264916067
1325
92
125
0,783249473532405
1326
457
425
0,99609375
1327
289
381
0,535628322132528
1328
217
324
0,318212487981167
1329
56
304
0,784460981560883
1330
5
430
0,99609375
1331
384
340
0,632440293228733
1332
427
372
0,842570341970812
1333
306
481
0,932200580954125
1334
78
290
0,689613328741822
1335
7
417
0,99609375
1336
323
131
0,544149673187795
1337
360
126
0,647378494232975
1338
6
340
0,99609375
1339
96
157
0,701460062102858
1340
437
479
0,99609375
1341
174
380
0,587061363909421
1342
51
165
0,841879840236936
1343
357
230
0,42551724416049
1344
118
133
0,68616608329094
1345
138
438
0,857229970988061
1346
110
466
0,99609375
1347
69
496
0,99609375
1348
256
469
0,857301741228168
1349
101
118
0,773581349106556
1350
293
147
0,435719296398914
1351
419
44
0,99609375
1352
410
175
0,691319207852771
1353
301
325
0,35761828433974
1354
65
162
0,79717856814479
1355
375
377
0,697423118020902
1356
228
399
0,588548476386394
1357
367
26
0,985827782352673
1358
255
4
0,960063259475532
1359
288
262
0,15806147173842
1360
14
75
0,99609375
1361
363
444
0,879461619078987
1362
152
68
0,80459091707271
1363
307
356
0,474430148963618
1364
62
363
0,857924368230571
1365
369
36
0,955280051547325
1366
238
477
0,888194423369376
1367
364
290
0,47371195435329
1368
60
129
0,876860335129417
1369
469
376
0,991035022483035
1370
363
31
0,959795677912687
1371
165
455
0,867851031692719
1372
258
260
0,0533508661035881
1373
210
211
0,217830109500228
1374
99
43
0,99609375
1375
241
252
0,0349870603524827
1376
180
338
0,439456425558856
1377
104
217
0,584366598347855
1378
283
474
0,886932645447622
1379
392
341
0,662491306511082
1380
367
445
0,889364330236715
1381
263
201
0,195627531730786
1382
292
338
0,38304822037234
1383
138
251
0,433755301524208
1384
34
76
0,99609375
1385
465
125
0,973454874816379
1386
34
411
0,99609375
1387
399
483
0,99609375
1388
410
407
0,878842165816901
1389
186
391
0,606874654026546
1390
358
96
0,734256894343942
1391
257
18
0,903062037355014
1392
122
117
0,717712517084514
1393
355
399
0,716196733565923
1394
373
147
0,626870541704522
1395
6
85
0,99609375
1396
237
128
0,478957854320336
1397
9
418
0,99609375
1398
268
463
0,838499875345243
1399
162
420
0,748141113343314
1400
121
458
0,956417231618559
1401
176
22
0,93312386537701
1402
77
115
0,855226116069945
1403
217
269
0,147435939448102
1404
439
120
0,8945844194836
1405
306
376
0,540593021385439
1406
288
1
0,983756428386928
1407
483
270
0,914144156807583
1408
187
244
0,244911171006357
1409
79
175
0,727939336361755
1410
482
239
0,90796084382135
1411
378
387
0,736026778891589
1412
70
380
0,866851905568607
1413
388
406
0,81667763251333
1414
402
481
0,99609375
1415
214
446
0,780148525346867
1416
245
265
0,0639409398166973
1417
269
400
0,59119691297883
1418
420
234
0,668104425268793
1419
441
6
0,99609375
1420
400
86
0,867090468791837
1421
460
252
0,822035183221736
1422
340
130
0,5849556348292
1423
297
235
0,193414257488524
1424
144
238
0,412701858181921
1425
230
24
0,885279287872235
1426
384
487
0,99609375
1427
438
382
0,89874661718001
1428
80
288
0,680688136885193
1429
452
197
0,81797953369814
1430
226
311
0,255166860703631
1431
367
457
0,931367133817032
1432
406
360
0,748158300205241
1433
130
22
0,99609375
1434
231
83
0,656272919907689
1435
350
452
0,884701943173343
1436
302
72
0,722904870746044
1437
274
395
0,577157264793627
1438
278
126
0,495807211561336
1439
47
439
0,99609375
1440
82
152
0,75642217898962
1441
261
163
0,33932372215592
1442
250
190
0,233367674912472
1443
62
257
0,734953841567987
1444
327
387
0,616547603178065
1445
320
131
0,536180616448752
1446
282
244
0,1268580705273
1447
279
89
0,63929372142678
1448
219
2
0,973166198023975
1449
345
479
0,971704174495835
1450
499
274
0,979319076570424
1451
4
61
0,99609375
1452
387
277
0,548803250483165
1453
221
311
0,266179786516557
1454
212
42
0,823520773646011
1455
103
453
0,97994467139943
1456
240
12
0,927327907535321
1457
114
74
0,866743954229966
1458
49
203
0,803729283003882
1459
206
216
0,214517860676577
1460
298
372
0,516256711570951
1461
195
343
0,423860246352715
1462
263
218
0,132521270151751
1463
170
57
0,811479015303172
1464
292
185
0,30106876694772
1465
176
276
0,305881712389682
1466
280
68
0,720733855669901
1467
440
307
0,777139437415305
1468
147
199
0,444556080843748
1469
276
473
0,878456485753352
1470
468
250
0,854098150146671
1471
45
284
0,81045181281886
1472
284
366
0,47366491772676
1473
391
269
0,556866080381137
1474
130
205
0,4993939075745
1475
39
16
0,99609375
1476
296
129
0,504405895298941
1477
181
126
0,552101788065056
1478
79
160
0,751764027296585
1479
298
169
0,369372161435936
1480
106
163
0,653261205713806
1481
19
26
0,99609375
1482
366
327
0,54574513243929
1483
172
172
0,426996262881885
1484
72
306
0,727989598405167
1485
426
350
0,791836822175337
1486
427
233
0,694776978323817
1487
247
48
0,787840723808205
1488
327
410
0,69583193354673
1489
59
396
0,938568615664583
1490
327
401
0,665046981242847
1491
427
87
0,941576841729361
1492
146
159
0,536028400882118
1493
480
151
0,977780483642201
1494
386
313
0,589774600375733
1495
228
486
0,929552415424843
1496
400
107
0,811155014110251
1497
366
304
0,503534985698672
1498
230
18
0,90561170577435
1499
418
456
0,99609375
1500
193
218
0,252161466699181
1501
196
323
0,354427921509409
1502
279
189
0,262988042839684
1503
89
62
0,964369060124075
1504
381
132
0,688561802797164
1505
299
168
0,369891028440505
1506
101
402
0,831268030635142
1507
341
205
0,398576386585408
1508
235
431
0,712906293612376
1509
380
206
0,535993324695682
1510
347
21
0,970471905452338
1511
285
258
0,143728124997721
1512
78
439
0,99609375
1513
449
320
0,825643200682304
1514
366
442
0,879835163515759
1515
317
308
0,34887080867904
1516
491
102
0,99609375
1517
203
108
0,58130149191177
1518
204
104
0,595924782090052
1519
307
457
0,839967043834339
1520
70
417
0,957681124091939
1521
269
253
0,07828909156917
1522
14
59
0,99609375
1523
385
498
0,99609375
1524
265
161
0,351016608808106
1525
69
298
0,732247719843613
1526
138
212
0,458627480715729
1527
109
172
0,627363040438993
1528
432
438
0,99609375
1529
245
339
0,351897474913031
1530
239
269
0,084453837986788
1531
196
439
0,768384773751051
1532
315
490
0,973517077864491
1533
177
498
0,99609375
1534
199
232
0,209600856425982
1535
0
131
0,99609375
1536
123
423
0,836146350144528
1537
135
429
0,832780447291729
1538
251
31
0,852072275010195
1539
243
18
0,904378742308442
1540
53
451
0,99609375
1541
54
205
0,783180977243242
1542
373
18
0,99609375
1543
169
279
0,334430614706738
1544
493
30
0,99609375
1545
175
266
0,296712878144535
1546
358
468
0,951915060284156
1547
217
301
0,239340109901729
1548
221
330
0,333797306656807
1549
438
24
0,99609375
1550
382
387
0,745149930354805
1551
299
32
0,870845836011807
1552
161
437
0,810145668104119
1553
174
215
0,322181428936092
1554
76
179
0,730894629547231
1555
420
401
0,889623308908231
1556
194
226
0,235337440794862
1557
286
288
0,20798112788035
1558
214
490
0,950566472721007
1559
65
296
0,743457444855653
1560
320
397
0,63896624781847
1561
4
168
0,99609375
1562
56
233
0,756687276701294
1563
272
155
0,377845335139924
1564
205
333
0,370020450093421
1565
208
421
0,688129733758026
1566
93
219
0,623014014226689
1567
136
166
0,551998860540242
1568
151
21
0,969776447723252
1569
44
436
0,99609375
1570
343
453
0,87626004879407
1571
203
313
0,309484941083025
1572
110
274
0,553830829226447
1573
72
132
0,83323028768464
1574
181
428
0,745729542835185
1575
87
230
0,640630851292926
1576
264
141
0,42802043190425
1577
203
484
0,935455145342544
1578
382
130
0,695422492827689
1579
475
427
0,99609375
1580
164
18
0,962087378081659
1581
9
242
0,93817175133862
1582
471
499
0,99609375
1583
307
474
0,90703398051864
1584
90
120
0,803071749909756
1585
137
192
0,494750539642053
1586
446
129
0,901236424513486
1587
453
366
0,916317423869479
1588
194
191
0,316335744394528
1589
57
282
0,761054940735298
1590
161
140
0,549733976860492
1591
474
277
0,882939767754326
1592
246
477
0,890296754433602
1593
156
452
0,869946684351852
1594
15
151
0,992736098758012
1595
283
20
0,905100802379914
1596
46
116
0,950918814805735
1597
271
324
0,30338988237608
1598
443
460
0,99609375
1599
342
111
0,652125198894181
1600
467
97
0,99609375
1601
41
61
0,99609375
1602
291
394
0,587160047680081
1603
283
135
0,466234102294756
1604
188
336
0,416117327188135
1605
290
191
0,278537587696487
1606
73
193
0,725164373720636
1607
266
24
0,884971007697037
1608
44
232
0,805245676414511
1609
496
493
0,99609375
1610
343
355
0,549520168000619
1611
459
439
0,99609375
1612
336
116
0,621319411994758
1613
146
330
0,512276091598558
1614
357
128
0,634019515250469
1615
422
234
0,678502811142934
1616
348
446
0,859135449594321
1617
314
64
0,768982783108837
1618
99
412
0,866585839703974
1619
486
352
0,99609375
1620
193
20
0,922131475133307
1621
263
179
0,282017277674836
1622
360
92
0,751840135774007
1623
447
352
0,870331102607928
1624
350
247
0,392447491437825
1625
280
211
0,190284481088563
1626
464
349
0,922213445731744
1627
268
111
0,54444106109156
1628
138
101
0,724743067669554
1629
225
174
0,309059106492018
1630
248
453
0,796174991119442
1631
277
59
0,752557240461527
1632
413
56
0,990602270277205
1633
342
126
0,603743889034263
1634
378
202
0,536636590601212
1635
424
131
0,824029283491093
1636
245
144
0,414330493545688
1637
299
322
0,341937403036166
1638
91
279
0,629726032994803
1639
78
243
0,669429130282163
1640
168
293
0,35972621230569
1641
479
110
0,99609375
1642
348
211
0,414141729696771
1643
270
498
0,975756625703065
1644
178
202
0,334090811507392
1645
425
497
0,99609375
1646
187
311
0,343298859436264
1647
103
240
0,572750610873526
1648
242
204
0,179486964515344
1649
265
304
0,220850311358284
1650
249
321
0,277893748388792
1651
474
148
0,961407483573442
1652
322
148
0,488790470599575
1653
465
320
0,886470994688479
1654
50
445
0,99609375
1655
20
358
0,992204510327087
1656
23
481
0,99609375
1657
6
455
0,99609375
1658
474
167
0,933244454573587
1659
210
202
0,241415322938529
1660
286
343
0,393254313035961
1661
447
175
0,825656204259766
1662
276
427
0,700602909658423
1663
444
434
0,99609375
1664
40
59
0,99609375
1665
79
387
0,854887146110225
1666
14
274
0,924827848326488
1667
493
347
0,99609375
1668
319
331
0,416694305778691
1669
287
200
0,242876068593324
1670
245
449
0,781221604153099
1671
448
232
0,779639019175596
1672
182
67
0,759083172591807
1673
474
205
0,892407384645606
1674
305
148
0,451759739588488
1675
266
75
0,683618898764694
1676
493
63
0,99609375
1677
18
405
0,99609375
1678
373
298
0,51719018072576
1679
372
395
0,741788717244567
1680
203
31
0,871609764816417
1681
279
490
0,948572389681822
1682
366
133
0,644231022496842
1683
343
248
0,366163934541435
1684
487
158
0,995010522168538
1685
136
142
0,611029690145986
1686
379
10
0,99609375
1687
456
336
0,875582399820113
1688
395
215
0,582829332613615
1689
493
208
0,963089748528954
1690
453
238
0,795459866847784
1691
128
391
0,729127657625548
1692
293
3
0,977079833148479
1693
393
451
0,965003539875939
1694
256
88
0,632334919531774
1695
474
20
0,99609375
1696
458
392
0,987859709947885
1697
496
213
0,974539836938961
1698
170
457
0,869771790969493
1699
366
49
0,905368214255249
1700
223
225
0,140292526854284
1701
217
147
0,421202486129079
1702
12
123
0,99609375
1703
196
483
0,937555991625521
1704
106
181
0,62161067467521
1705
10
158
0,99609375
1706
305
163
0,399983594492311
1707
441
464
0,99609375
1708
403
388
0,805606709437559
1709
197
362
0,485481513737335
1710
240
392
0,557257943969391
1711
492
399
0,99609375
1712
184
115
0,585445935056779
1713
183
487
0,961668820521675
1714
13
243
0,925287823982611
1715
166
437
0,801264743421692
1716
348
443
0,848494105015564
1717
484
228
0,919923379040618
1718
20
481
0,99609375
1719
379
169
0,59357482448319
1720
307
409
0,660953092636363
1721
345
74
0,780024704287031
1722
77
316
0,721519001469059
1723
215
295
0,222255252671193
1724
450
31
0,99609375
1725
310
282
0,267789942782578
1726
259
3
0,963527520277286
1727
309
331
0,39436034874385
1728
232
318
0,275822930931826
1729
462
397
0,99609375
1730
439
209
0,756468412893082
1731
470
363
0,96871433355745
1732
15
73
0,99609375
1733
309
361
0,494882522282666
1734
179
213
0,309762984674763
1735
444
421
0,99609375
1736
8
27
0,99609375
1737
55
331
0,823523075163039
1738
47
418
0,99609375
1739
321
367
0,539783916858346
1740
400
388
0,798398059537298
1741
36
481
0,99609375
1742
432
384
0,884650254127952
1743
177
345
0,468079996263921
1744
134
152
0,590852962089434
1745
495
202
0,976387408089931
1746
18
481
0,99609375
1747
230
98
0,59677494242523
1748
438
482
0,99609375
1749
58
4
0,99609375
1750
6
353
0,99609375
1751
115
236
0,527237852713317
1752
87
388
0,834230835813328
1753
273
232
0,114351582293414
1754
448
478
0,99609375
1755
284
314
0,285867556479432
1756
496
94
0,99609375
1757
497
50
0,99609375
1758
172
489
0,982870066732616
1759
430
131
0,844133175169146
1760
396
464
0,99609375
1761
227
26
0,877099779133471
1762
218
241
0,127148092487652
1763
403
26
0,99609375
1764
297
456
0,829003308497473
1765
392
65
0,911905588750929
1766
359
317
0,502371138625391
1767
361
46
0,905258425230682
1768
273
300
0,215355299161444
1769
393
43
0,982162252727019
1770
110
445
0,935971835397405
1771
397
155
0,682372925092115
1772
368
180
0,535436614164621
1773
205
423
0,700399691543888
1774
484
180
0,956818861502589
1775
426
449
0,99609375
1776
51
427
0,99609375
1777
107
42
0,981839084298355
1778
125
89
0,794482239999243
1779
18
346
0,980495538219994
1780
485
246
0,92131167515294
1781
434
491
0,99609375
1782
85
219
0,652189006075337
1783
455
178
0,848802069768765
1784
233
450
0,785857963536672
1785
277
372
0,489538448481253
1786
95
387
0,806083567421187
1787
20
451
0,99609375
1788
67
72
0,99609375
1789
158
37
0,903562271531885
1790
35
479
0,99609375
1791
42
116
0,964046721290717
1792
30
443
0,99609375
1793
13
431
0,99609375
1794
209
318
0,309950912948632
1795
421
183
0,716432258713452
1796
281
47
0,800656831354646
1797
57
364
0,874588197772907
1798
10
405
0,99609375
1799
69
148
0,806994493015182
1800
225
27
0,875784742845761
1801
190
34
0,874559254147909
1802
402
53
0,971546388226369
1803
353
164
0,524675657192389
1804
406
156
0,712867543288308
1805
475
53
0,99609375
1806
430
480
0,99609375
1807
310
6
0,979584398530364
1808
204
317
0,320340309830169
1809
460
142
0,92311750433652
1810
205
23
0,901983661987694
1811
468
415
0,99609375
1812
29
93
0,99609375
1813
90
48
0,99609375
1814
329
155
0,481370858267936
1815
440
161
0,821809824076738
1816
2
9
0,99609375
1817
312
8
0,973032328406072
1818
289
7
0,958195977916665
1819
214
477
0,897809219611808
1820
90
349
0,736038478386851
1821
24
53
0,99609375
1822
342
367
0,585890364108793
1823
253
301
0,201774561708904
1824
237
51
0,778047281973616
1825
160
192
0,415331041796302
1826
445
427
0,99609375
1827
443
202
0,777955648717491
1828
58
274
0,754932911684075
1829
4
309
0,985298682889498
1830
463
305
0,861265611047671
1831
334
251
0,331646033464135
1832
216
314
0,28365542938977
1833
51
421
0,99609375
1834
168
301
0,376933837778058
1835
217
196
0,245790138958331
1836
103
483
0,99609375
1837
52
356
0,875801248082562
1838
498
415
0,99609375
1839
72
161
0,775176455933532
1840
340
288
0,384098244647088
1841
310
278
0,261710655640132
1842
495
248
0,957158478933483
1843
216
75
0,696196958681605
1844
65
109
0,903500310465649
1845
450
14
0,99609375
1846
2
404
0,99609375
1847
13
284
0,933653869129569
1848
14
273
0,924054629030817
1849
337
28
0,928734238057174
1850
316
331
0,411058494946804
1851
133
436
0,858062428073555
1852
333
464
0,899547056782745
1853
88
461
0,99609375
1854
374
87
0,801266114335002
1855
203
142
0,456728864961788
1856
202
343
0,408443802044096
1857
469
174
0,904881367912295
1858
494
56
0,99609375
1859
256
467
0,850183059593368
1860
98
475
0,99609375
1861
355
58
0,854933979800946
1862
350
202
0,434906421291322
1863
193
199
0,297579839287608
1864
469
267
0,861694485675434
1865
341
224
0,370660372557851
1866
78
43
0,99609375
1867
344
8
0,99609375
1868
155
374
0,611284056305155
1869
444
30
0,99609375
1870
160
254
0,351860350617198
1871
200
478
0,91429492113646
1872
406
307
0,650649275244335
1873
311
159
0,427074100126029
1874
435
338
0,803666704099138
1875
290
457
0,827286753370059
1876
17
369
0,99609375
1877
430
340
0,789462228189616
1878
475
74
0,99609375
1879
85
130
0,79435632264539
1880
271
389
0,550317224345254
1881
492
107
0,99609375
1882
245
478
0,894680884054079
1883
63
159
0,809019502962463
1884
498
460
0,99609375
1885
19
119
0,99609375
1886
112
225
0,545401926347445
1887
307
344
0,430545022273211
1888
275
377
0,506278616166801
1889
152
43
0,89397891356645
1890
391
33
0,99609375
1891
263
131
0,46761634833823
1892
477
383
0,99609375
1893
207
209
0,231028588137782
1894
112
4
0,99609375
1895
33
80
0,99609375
1896
289
313
0,291687870105397
1897
259
270
0,0888763332319629
1898
262
93
0,615109487673381
1899
232
427
0,695454118276065
1900
243
152
0,380563488622967
1901
161
475
0,946059966569869
1902
319
170
0,411500228019963
1903
345
291
0,406879026659567
1904
61
86
0,973219226248841
1905
64
98
0,933837631023685
1906
422
42
0,99609375
1907
239
237
0,0623128386291716
1908
125
360
0,650926405049922
1909
130
362
0,641376615179994
1910
271
354
0,417906315771232
1911
46
493
0,99609375
1912
426
438
0,99609375
1913
330
299
0,366990149232069
1914
466
36
0,99609375
1915
81
182
0,707317846051502
1916
144
224
0,425139461160766
1917
299
238
0,197657291744998
1918
371
288
0,498663597846855
1919
311
306
0,325291275305738
1920
38
415
0,99609375
1921
147
26
0,961337953898648
1922
439
434
0,99609375
1923
157
247
0,360119322757236
1924
73
21
0,99609375
1925
145
401
0,718884166780216
1926
462
370
0,956044504602138
1927
155
389
0,657209627656927
1928
106
167
0,645614851397157
1929
48
380
0,93808906213296
1930
340
46
0,871823638825378
1931
325
25
0,926741613216228
1932
4
382
0,99609375
1933
454
197
0,824642247142627
1934
242
1
0,971825106946456
1935
365
337
0,567526561153522
1936
49
323
0,834875117587813
1937
323
356
0,506720492341866
1938
207
19
0,91478512296064
1939
54
492
0,99609375
1940
280
82
0,665188815288085
1941
225
444
0,766597678819892
1942
391
180
0,616244662153507
1943
219
273
0,148855703801332
1944
69
410
0,942425431265473
1945
131
204
0,495505765403352
1946
239
430
0,706312594372641
1947
465
492
0,99609375
1948
89
122
0,801305307032043
1949
21
57
0,99609375
1950
480
460
0,99609375
1951
4
72
0,99609375
1952
155
307
0,431942154103219
1953
351
138
0,588280902004999
1954
46
298
0,816341515336628
1955
181
86
0,690460624862529
1956
113
56
0,92581849016732
1957
100
258
0,58616560500711
1958
320
380
0,58096766084945
1959
133
324
0,539449685070496
1960
162
181
0,435405295300698
1961
128
332
0,574758397091168
1962
369
161
0,580515117158367
1963
98
118
0,78365361997872
1964
358
331
0,531344518044725
1965
266
85
0,646685116891616
1966
498
497
0,99609375
1967
12
320
0,969895546909117
1968
77
153
0,771463890455704
1969
289
84
0,665668128891495
1970
328
80
0,728878042389219
1971
226
270
0,122266446926294
1972
228
44
0,806228729501405
1973
91
182
0,673640921672086
1974
330
206
0,356041035970754
1975
171
208
0,346450572607486
1976
488
197
0,954640738973967
1977
394
298
0,59712744786733
1978
331
172
0,441182523577528
1979
202
493
0,970108933928957
1980
209
232
0,172037833259492
1981
280
214
0,181089827799362
1982
31
96
0,99609375
1983
88
115
0,819739003672646
1984
44
279
0,810587746518214
1985
180
167
0,421984060731104
1986
91
49
0,99609375
1987
495
81
0,99609375
1988
454
357
0,903105460554806
1989
104
324
0,640250243219934
1990
70
415
0,952707352804192
1991
288
151
0,412578308085397
1992
160
58
0,826614487933818
1993
96
300
0,63075020432167
1994
102
213
0,593234114275099
1995
489
405
0,99609375
1996
450
295
0,803518559416099
1997
374
96
0,773526375816581
1998
300
11
0,951935701153041
1999
238
132
0,462497111842214
2000
455
475
0,99609375
2001
138
50
0,891779250985423
2002
26
4
0,99609375
2003
116
439
0,904356933607978
2004
202
313
0,309709489330088
2005
344
474
0,950033507791212
2006
67
377
0,869123268864975
2007
423
294
0,698149504294123
2008
444
128
0,894393155756248
2009
54
473
0,99609375
2010
499
288
0,986973596593567
2011
12
331
0,979643042350548
2012
290
274
0,185287291481026
2013
216
296
0,223482269877875
2014
174
398
0,652170100617353
2015
280
443
0,763601423244565
2016
118
472
0,99609375
2017
369
94
0,763572908270718
2018
276
237
0,115875302327039
2019
125
156
0,60980978483851
2020
441
157
0,831054809949593
2021
98
289
0,613186127034827
2022
368
14
0,99609375
2023
337
72
0,772456905805164
2024
372
80
0,816276879414641
2025
152
171
0,48931581754872
2026
457
265
0,810877594213474
2027
132
167
0,561435149831879
2028
462
306
0,86050827545183
2029
260
251
0,041523342262442
2030
287
320
0,312061950350766
2031
264
303
0,216867014576662
2032
32
401
0,99609375
2033
355
95
0,729983057203021
2034
8
328
0,990638453862428
2035
17
206
0,925097345367678
2036
3
398
0,99609375
2037
32
342
0,924890111538872
2038
190
223
0,254497615227275
2039
462
275
0,836517042863694
2040
437
143
0,840185503725623
2041
424
94
0,913286161745924
2042
246
108
0,551684662634842
2043
486
353
0,99609375
2044
339
201
0,397909951462932
2045
132
470
0,975727346854902
2046
477
373
0,99609375
2047
368
121
0,683763868775469
2048
392
294
0,582779153486791
2049
256
467
0,850662009638867
2050
159
242
0,355936888372825
2051
64
43
0,99609375
2052
63
445
0,99609375
2053
168
58
0,812903031949644
2054
233
289
0,168798321822346
2055
476
239
0,887455109811323
2056
344
484
0,988665188447554
2057
314
143
0,484867479751884
2058
396
170
0,649620146612043
2059
56
423
0,99609375
2060
415
2
0,99609375
2061
256
307
0,224238013203564
2062
196
46
0,820464221934723
2063
229
129
0,477763372216754
2064
30
411
0,99609375
2065
450
395
0,967504885063974
2066
467
494
0,99609375
2067
116
194
0,564517721771097
2068
79
380
0,837679768651552
2069
30
301
0,879121789524136
2070
440
427
0,99609375
2071
119
49
0,932746850714906
2072
224
392
0,566713127433423
2073
126
492
0,99609375
2074
59
224
0,751431292048728
2075
224
221
0,147753167071105
2076
237
332
0,326242763801953
2077
52
156
0,852909506701495
2078
485
256
0,92191161364009
2079
347
16
0,989868033343033
2080
216
39
0,833841154759887
2081
28
322
0,911257199944425
2082
339
80
0,747531686174191
2083
272
349
0,397159549387196
2084
368
119
0,688741310449883
2085
64
15
0,99609375
2086
139
255
0,431059264707229
2087
483
487
0,99609375
2088
382
206
0,544926774067913
2089
82
303
0,687172825418699
2090
420
237
0,669669547607066
2091
70
305
0,735734350089951
2092
186
228
0,263221230752603
2093
157
134
0,57705311476629
2094
442
459
0,99609375
2095
209
322
0,325857476344821
2096
32
14
0,99609375
2097
85
400
0,873203578597284
2098
399
297
0,612340530790903
2099
210
143
0,443410573397566
2100
120
276
0,515926696856469
2101
123
439
0,890725675479068
2102
160
209
0,385779303696982
2103
81
482
0,99609375
2104
348
64
0,819621562292739
2105
274
279
0,149724950331553
2106
174
44
0,854469739145575
2107
95
479
0,99609375
2108
469
222
0,862611589384958
2109
136
111
0,700697871838903
2110
422
137
0,805510420651191
2111
406
409
0,872487836607784
2112
410
241
0,627508020247036
2113
483
125
0,99609375
2114
170
82
0,723743308605726
2115
88
84
0,902857957365848
2116
496
438
0,99609375
2117
182
144
0,490411840379794
2118
113
130
0,709789878738571
2119
145
477
0,976444636555591
2120
146
175
0,499114551536821
2121
285
377
0,517015472773655
2122
185
429
0,745614551977237
2123
148
487
0,99609375
2124
419
105
0,868800321290861
2125
431
177
0,765332190090456
2126
161
98
0,685087308942035
2127
220
482
0,916948898664023
2128
370
214
0,488859584736059
2129
29
418
0,99609375
2130
225
456
0,813558856749263
2131
312
266
0,252885751595575
2132
476
189
0,916756265441902
2133
283
236
0,14086698934616
2134
362
451
0,899670442102699
2135
365
338
0,57065496548579
2136
76
158
0,764700202635591
2137
464
247
0,839829119068712
2138
352
29
0,950114355189038
2139
223
480
0,907716573963
2140
93
495
0,99609375
2141
205
64
0,745726856076129
2142
151
411
0,738874701755546
2143
423
397
0,890099981740252
2144
217
199
0,233463609619019
2145
274
398
0,588425741930747
2146
100
227
0,589455030555395
2147
251
189
0,236152054955856
2148
362
19
0,99609375
2149
400
495
0,99609375
2150
146
411
0,751285303651758
2151
125
468
0,980625821230154
2152
239
92
0,614583371897201
2153
100
2
0,99609375
2154
133
472
0,982444600803509
2155
130
340
0,585555228016081
2156
490
48
0,99609375
2157
325
230
0,303420938623791
2158
251
248
0,00728758040688869
2159
114
65
0,892898193517471
2160
265
385
0,533366004462785
2161
18
162
0,967617716716944
2162
177
467
0,895218555064138
2163
237
349
0,391838198688252
2164
407
275
0,622911658349681
2165
385
332
0,619451267502549
2166
128
228
0,481962301018
2167
334
181
0,425226035408594
2168
369
237
0,470688219172931
2169
324
58
0,804317398865473
2170
310
421
0,709516038757252
2171
263
244
0,0582892401185772
2172
68
433
0,99609375
2173
408
52
0,988628991834149
2174
402
21
0,99609375
2175
438
114
0,907986552749994
2176
404
335
0,689266852744665
2177
229
260
0,0891951130857873
2178
393
463
0,99609375
2179
290
272
0,182683275223858
2180
355
250
0,410261018300214
2181
94
358
0,73849912122768
2182
87
297
0,661168980778433
2183
212
262
0,155309239124036
2184
213
143
0,439452217964241
2185
360
13
0,99609375
2186
423
56
0,99609375
2187
254
344
0,37058011699239
2188
121
273
0,509794859281562
2189
93
243
0,611863048987122
2190
59
185
0,786482963681784
2191
447
385
0,936654389439223
2192
336
271
0,349401516478987
2193
428
293
0,716378543185734
2194
498
74
0,99609375
2195
287
406
0,629348411308735
2196
446
51
0,99609375
2197
203
60
0,763977247951792
2198
326
405
0,677228894923204
2199
157
270
0,371842650088162
2200
221
145
0,422689012041741
2201
338
258
0,34731808164327
2202
161
425
0,76695416032317
2203
190
347
0,447224581007525
2204
80
385
0,846392788752659
2205
139
120
0,667118311634759
2206
369
47
0,920150834901169
2207
213
169
0,346003368640102
2208
303
209
0,262070380583906
2209
21
316
0,930070611344565
2210
369
418
0,808730918197232
2211
263
139
0,433932734812631
2212
355
453
0,89572648895221
2213
66
372
0,860332894084828
2214
353
194
0,460277586138267
2215
18
215
0,913617176433499
2216
116
322
0,594111864230883
2217
22
413
0,99609375
2218
347
188
0,448081409848754
2219
224
411
0,639382181319308
2220
81
80
0,934067999516536
2221
212
113
0,55272987323327
2222
435
167
0,791082818279533
2223
36
399
0,99609375
2224
338
33
0,913417098708298
2225
256
117
0,520087846716971
2226
384
340
0,633437587860242
2227
401
302
0,624945065508288
2228
381
198
0,552764268717541
2229
403
207
0,620089002336055
2230
358
318
0,500494849677448
2231
493
386
0,99609375
2232
366
423
0,815010184704077
2233
3
47
0,99609375
2234
24
299
0,902118085132203
2235
322
114
0,600913095091781
2236
484
109
0,99609375
2237
235
289
0,163339342940436
2238
206
150
0,425395828406478
2239
204
187
0,300506613058158
2240
416
167
0,727533770037079
2241
33
320
0,889749882315545
2242
437
401
0,941948831676138
2243
331
275
0,333487436289948
2244
421
220
0,678968338754037
2245
31
148
0,940834984070175
2246
285
16
0,921903374591221
2247
53
263
0,770714541331146
2248
87
326
0,703623417245107
2249
247
11
0,930120707271611
2250
163
489
0,994227226958328
2251
375
38
0,958489727617252
2252
211
142
0,445149330745791
2253
132
274
0,469111875909825
2254
105
112
0,780297165497092
2255
96
231
0,60526332569961
2256
493
215
0,962757112579185
2257
290
191
0,279245727006198
2258
284
173
0,328933587791642
2259
448
464
0,99609375
2260
91
228
0,624147826579495
2261
126
304
0,528335363405169
2262
268
173
0,305877484145405
2263
328
467
0,904022955298571
2264
56
472
0,99609375
2265
202
379
0,538776312776018
2266
403
192
0,639038711226732
2267
23
427
0,99609375
2268
292
494
0,969041651723244
2269
108
294
0,578058426416434
2270
269
56
0,758698632848743
2271
170
309
0,388474063288935
2272
124
300
0,528572231586824
2273
154
70
0,793562610214384
2274
225
361
0,446478643162001
2275
478
413
0,99609375
2276
378
282
0,51661980705073
2277
420
435
0,983402556375496
2278
363
70
0,827915062804205
2279
270
37
0,833834063188225
2280
314
164
0,417960549092603
2281
218
133
0,472203542682063
2282
410
216
0,638347249248168
2283
328
301
0,365319819159904
2284
191
363
0,4999314245779
2285
399
290
0,60420576760668
2286
64
153
0,81695519445472
2287
195
34
0,866256040922336
2288
58
316
0,793200385634559
2289
179
468
0,895052976221418
2290
19
257
0,901187607273514
2291
242
194
0,217710269421063
2292
493
288
0,963648305347626
2293
1
121
0,99609375
2294
272
88
0,637033503688554
2295
63
221
0,735963298693359
2296
223
71
0,705127924309591
2297
480
104
0,99609375
2298
338
36
0,902036897053238
2299
399
407
0,84731455332589
2300
471
353
0,955644771455736
2301
379
362
0,668943439447383
2302
462
188
0,863896873778612
2303
349
224
0,400949972576739
2304
86
385
0,828833086876922
2305
377
46
0,936994327260187
2306
391
302
0,588735970478977
2307
18
57
0,99609375
2308
422
23
0,99609375
2309
139
121
0,660993073874589
2310
215
207
0,214017803666253
2311
28
102
0,99609375
2312
299
178
0,3412937309392
2313
66
492
0,99609375
2314
173
91
0,688063758006123
2315
196
21
0,916604328519818
2316
417
272
0,660603279146635
2317
496
166
0,99609375
2318
377
380
0,712622001385511
2319
232
305
0,227384768722477
2320
438
276
0,745059717130153
2321
34
387
0,99609375
2322
211
17
0,922012757288333
2323
329
421
0,737826366487904
2324
53
423
0,99609375
2325
181
315
0,368374744845834
2326
397
277
0,584328328157911
2327
191
264
0,234670713957835
2328
324
276
0,309763702366655
2329
62
284
0,745641187638954
2330
121
356
0,651250969138075
2331
50
495
0,99609375
2332
188
355
0,477191026908547
2333
129
118
0,696687213916392
2334
306
351
0,454904827852501
2335
179
42
0,856146498978977
2336
290
334
0,365467453720447
2337
182
439
0,784329643662213
2338
172
141
0,521320108452628
2339
391
282
0,567278571297977
2340
348
145
0,561335003608033
2341
439
250
0,740840879805833
2342
409
381
0,807122071192518
2343
124
140
0,651496602251377
2344
80
231
0,665681294231488
2345
341
101
0,682307845577794
2346
317
448
0,819062138347929
2347
183
82
0,704017693097057
2348
225
39
0,828351264943448
2349
198
355
0,458585236483377
2350
388
210
0,560842813243115
2351
114
201
0,561033753265842
2352
244
139
0,433480428236576
2353
24
62
0,99609375
2354
94
252
0,606873575094708
2355
91
183
0,670188135177249
2356
385
279
0,540759704457961
2357
435
476
0,99609375
2358
416
300
0,681032465003179
2359
85
307
0,679972009417279
2360
231
488
0,93592057522569
2361
38
74
0,99609375
2362
10
77
0,99609375
2363
224
342
0,374390880978506
2364
150
100
0,70196158555534
2365
213
133
0,477296709509678
2366
442
35
0,99609375
2367
394
137
0,71550564881399
2368
30
238
0,858993762200647
2369
6
270
0,954906002280685
2370
357
61
0,846478180839089
2371
45
328
0,855056836988578
2372
139
158
0,560317004209228
2373
215
38
0,837407539791992
2374
12
207
0,941690451832217
2375
165
424
0,758975356367089
2376
453
391
0,968091255700878
2377
124
399
0,762246619469031
2378
172
40
0,87324938235231
2379
190
166
0,400574644942526
2380
414
181
0,695253498653129
2381
412
494
0,99609375
2382
38
458
0,99609375
2383
240
349
0,3896104395156
2384
384
298
0,559615726963995
2385
446
178
0,815104072124857
2386
294
315
0,308137930652162
2387
450
169
0,843254017155409
2388
443
210
0,77104384019828
2389
434
352
0,824764355066332
2390
361
186
0,50260114715998
2391
329
443
0,815869278373041
2392
434
288
0,737971328225766
2393
179
51
0,822936122752749
2394
411
495
0,99609375
2395
464
490
0,99609375
2396
47
340
0,866338508075361
2397
355
175
0,506326348016562
2398
149
51
0,870584245721088
2399
289
181
0,308922562937843
2400
417
366
0,796578495638859
2401
153
214
0,40185658675186
2402
261
487
0,926831074921189
2403
130
138
0,638037810504584
2404
440
454
0,99609375
2405
455
462
0,99609375
2406
105
338
0,661771248197559
2407
304
227
0,228939247057528
2408
352
469
0,945448731131147
2409
59
250
0,744911641291877
2410
278
189
0,262174151279392
2411
437
389
0,913947783794585
2412
333
455
0,867595539396989
2413
131
453
0,922172089724549
2414
459
275
0,823886493177137
2415
20
392
0,99609375
2416
421
253
0,668426126866575
2417
435
495
0,99609375
2418
33
115
0,99609375
2419
181
447
0,81777323690866
2420
157
41
0,891020983607625
2421
110
456
0,974437970342343
2422
39
2
0,99609375
2423
384
208
0,549469126430217
2424
35
127
0,962546930237456
2425
323
179
0,396792847651204
2426
491
39
0,99609375
2427
402
227
0,601788639731226
2428
428
263
0,701038590615142
2429
381
305
0,556931759507529
2430
355
176
0,50271064040083
2431
178
165
0,430468476363852
2432
434
63
0,99609375
2433
41
352
0,90850992354189
2434
403
309
0,642730289879213
2435
194
236
0,221241849095003
2436
287
111
0,561137071199739
2437
92
237
0,61820316488149
2438
78
480
0,99609375
2439
350
330
0,502112004821248
2440
71
422
0,969383856812387
2441
418
331
0,729463487700305
2442
451
340
0,864522198345654
2443
400
381
0,780737563485173
2444
350
207
0,428141452429547
2445
66
269
0,721572948057636
2446
233
376
0,497861234242159
2447
92
481
0,99609375
2448
362
444
0,878484346241869
2449
22
475
0,99609375
2450
461
32
0,99609375
2451
305
226
0,233866530910789
2452
433
86
0,959171724980956
2453
391
380
0,753336879189106
2454
446
164
0,837823542758345
2455
149
448
0,868495920852289
2456
413
51
0,99609375
2457
233
433
0,719597036920205
2458
258
347
0,382315833101659
2459
213
93
0,627866862479837
2460
163
159
0,489381683300402
2461
1
196
0,993631343055281
2462
242
425
0,686641855045401
2463
3
411
0,99609375
2464
19
111
0,99609375
2465
375
134
0,666458301700407
2466
458
374
0,948413828844105
2467
368
39
0,944856510606887
2468
117
191
0,567495240434022
2469
398
365
0,734225039055752
2470
448
19
0,99609375
2471
435
186
0,765048802510143
2472
58
118
0,909076149434229
2473
355
182
0,489824268767382
2474
142
158
0,551253264206237
2475
222
14
0,924608063810803
2476
230
429
0,704305028240225
2477
311
302
0,316703874844103
2478
30
108
0,99609375
2479
484
7
0,99609375
2480
83
480
0,99609375
2481
361
335
0,548619246629305
2482
289
14
0,931139095098498
2483
489
38
0,99609375
2484
182
194
0,341316430460817
2485
316
67
0,75832751129674
2486
449
348
0,867944678160397
2487
144
144
0,583828530484465
2488
224
315
0,27467012551756
2489
138
124
0,656370276683658
2490
69
320
0,755653496017647
2491
268
360
0,438986540838249
2492
388
360
0,692525967661672
2493
403
28
0,99609375
2494
63
66
0,99609375
2495
8
8
0,99609375
2496
207
390
0,575249537933783
2497
282
468
0,862162567710671
2498
158
99
0,688912441441135
2499
396
43
0,989373251464265
2500
128
317
0,542892019323067
2501
0
447
0,99609375
2502
342
154
0,517794823773028
2503
65
382
0,885702946743161
2504
284
167
0,350051325445568
2505
78
215
0,683091156881606
2506
470
359
0,962215752158499
2507
437
262
0,734747153121961
2508
211
0
0,986135669985869
2509
446
429
0,99609375
2510
111
460
0,985097120532415
2511
475
116
0,99609375
2512
186
308
0,336584126704677
2513
360
58
0,864353813856368
2514
66
176
0,77312714843802
2515
486
124
0,99609375
2516
419
94
0,896101403939126
2517
496
252
0,961826078768896
2518
319
320
0,389184732199837
2519
18
234
0,905923041153638
2520
294
21
0,911025740154889
2521
244
395
0,569499342842647
2522
487
292
0,942752646910521
2523
37
347
0,913104304467452
2524
453
19
0,99609375
2525
256
157
0,361035120126933
2526
152
466
0,928419084269365
2527
431
167
0,778893602544206
2528
341
384
0,634644730293567
2529
261
34
0,844502654653144
2530
294
7
0,962732578177585
2531
315
108
0,60820086190336
2532
181
453
0,840333607037964
2533
296
375
0,52355732756936
2534
363
185
0,50991530044743
2535
442
390
0,933283656045018
2536
481
212
0,917162124797857
2537
135
90
0,76744716443992
2538
216
79
0,677399361432746
2539
128
393
0,733914745780965
2540
270
12
0,930338392812007
2541
104
47
0,97389052074227
2542
419
328
0,729183397703877
2543
472
452
0,99609375
2544
163
328
0,457095115280734
2545
410
435
0,960196816880524
2546
59
484
0,99609375
2547
439
286
0,755187247578368
2548
205
135
0,48135364343352
2549
214
33
0,856770444015347
2550
496
161
0,99609375
2551
484
268
0,918511535643382
2552
76
365
0,814924677340081
2553
175
439
0,79562322491752
2554
331
340
0,477295359145553
2555
450
261
0,785244506023605
2556
255
367
0,461360011690394
2557
263
281
0,134619892081343
2558
402
268
0,600384338385484
2559
189
353
0,46775483636587
2560
481
344
0,977274008447708
2561
212
34
0,854489723811327
2562
274
6
0,954005957145254
2563
331
497
0,99609375
2564
272
348
0,393960980642149
2565
385
81
0,843925472867439
2566
365
95
0,754730276130836
2567
397
108
0,797680846744762
2568
28
336
0,930172025689646
2569
470
53
0,99609375
2570
152
32
0,931975139411851
2571
120
322
0,579432683866683
2572
378
148
0,637598393705281
2573
180
191
0,354726602458692
2574
220
158
0,376446181786664
2575
384
436
0,898298682599943
2576
445
360
0,87910279941852
2577
51
152
0,863357675900252
2578
449
449
0,99609375
2579
493
69
0,99609375
2580
33
178
0,888588492833105
2581
166
483
0,968253136500261
2582
455
369
0,927589933314633
2583
396
160
0,671092234384764
2584
470
155
0,93848902432772
2585
253
65
0,719907244465056
2586
297
135
0,484755481729869
2587
201
449
0,802064098385989
2588
223
389
0,555506542471712
2589
156
125
0,608274185298424
2590
326
140
0,52238280804604
2591
276
114
0,538079336394996
2592
463
448
0,99609375
2593
135
4
0,99609375
2594
43
245
0,807455740886049
2595
158
78
0,759116783613597
2596
342
401
0,694528238625287
2597
19
473
0,99609375
2598
365
137
0,631077367114609
2599
367
9
0,99609375
2600
252
20
0,8964015008072
2601
220
65
0,729314619987101
2602
404
318
0,661363557228628
2603
138
310
0,493707342624608
2604
159
102
0,67547450143352
2605
428
59
0,99609375
2606
293
368
0,492464772400375
2607
242
393
0,562353344574286
2608
402
51
0,975644523956624
2609
19
6
0,99609375
2610
233
391
0,557681513849487
2611
116
225
0,529058474671102
2612
496
174
0,99609375
2613
222
396
0,580802924097787
2614
115
227
0,532678116593757
2615
83
86
0,910940200533633
2616
22
147
0,974309061371129
2617
373
305
0,528026654847476
2618
419
210
0,679833482317575
2619
210
145
0,437678900273388
2620
309
325
0,376056521594752
2621
344
440
0,832624327818329
2622
316
98
0,644650057448629
2623
284
474
0,888015702041527
2624
158
126
0,601360599227411
2625
71
313
0,74081876081101
2626
117
360
0,673332491098545
2627
275
360
0,443732346090914
2628
403
494
0,99609375
2629
69
229
0,710304571940702
2630
95
242
0,602935625906857
2631
194
432
0,74423466940028
2632
18
342
0,973020324686071
2633
37
146
0,924942826031023
2634
495
437
0,99609375
2635
474
191
0,905322044050282
2636
341
374
0,603788044180174
2637
196
407
0,649923172514434
2638
47
175
0,844142923776654
2639
409
397
0,847441883279335
2640
390
248
0,547217085593937
2641
237
489
0,936210681739841
2642
156
270
0,374889632177981
2643
468
162
0,920927436203241
2644
371
12
0,99609375
2645
402
424
0,904464496694195
2646
141
480
0,993980965687848
2647
49
66
0,99609375
2648
130
412
0,787265918866618
2649
422
474
0,99609375
2650
61
138
0,85409814260566
2651
479
221
0,903062776646549
2652
151
380
0,636165168353858
2653
471
243
0,866431982260467
2654
163
368
0,572370030595372
2655
313
227
0,262906579199081
2656
85
171
0,710432715378461
2657
339
347
0,518198850164815
2658
5
205
0,971989809328741
2659
276
248
0,102522642326661
2660
373
374
0,685829135472405
2661
274
482
0,914095463565432
2662
35
49
0,99609375
2663
49
361
0,895784666414954
2664
324
130
0,552152753779206
2665
277
134
0,462841572574708
2666
253
434
0,722476099427587
2667
335
251
0,334785336108716
2668
268
16
0,916073521941333
2669
337
276
0,356389690464166
2670
298
225
0,212042226791256
2671
499
3
0,99609375
2672
198
174
0,357408011067033
2673
338
469
0,925702133306029
2674
140
201
0,467437318526851
2675
61
425
0,99609375
2676
136
173
0,534827183337544
2677
100
186
0,632590166568283
2678
364
496
0,99609375
2679
186
102
0,628206600876147
2680
330
109
0,630506267523924
2681
418
33
0,99609375
2682
91
178
0,680168094052856
2683
474
150
0,958537434739007
2684
336
88
0,714925698931738
2685
78
488
0,99609375
2686
368
0
0,99609375
2687
449
147
0,877208828826259
2688
375
271
0,498713774971378
2689
283
361
0,453468928637007
2690
210
80
0,681357058638946
2691
221
122
0,508899335233805
2692
68
351
0,814168705917172
2693
498
79
0,99609375
2694
334
148
0,513314398617839
2695
386
272
0,541077409125833
2696
330
235
0,317930323550715
2697
445
188
0,801907087017676
2698
306
465
0,871560620559379
2699
412
19
0,99609375
2700
199
188
0,311857675158699
2701
133
51
0,897721621388562
2702
122
72
0,851860069824642
2703
57
136
0,875353191022675
2704
223
453
0,799926722038247
2705
310
93
0,656178651988783
2706
212
325
0,327519650846438
2707
391
250
0,55340001702473
2708
388
295
0,570401888915172
2709
465
239
0,841160843384949
2710
180
394
0,627727959313661
2711
316
187
0,358067762101564
2712
201
306
0,291455624967101
2713
158
133
0,578960652337803
2714
54
261
0,766166383615807
2715
340
410
0,719357795195377
2716
358
263
0,427735002414756
2717
161
22
0,953152313503474
2718
446
169
0,830021992638827
2719
0
495
0,99609375
2720
294
362
0,472768331915262
2721
355
380
0,657018316113992
2722
338
293
0,383606126397613
2723
59
4
0,99609375
2724
343
195
0,422080852573609
2725
299
11
0,952186840207105
2726
0
173
0,99609375
2727
339
304
0,40994842537793
2728
371
446
0,900948561184131
2729
350
315
0,468128759512801
2730
413
423
0,9335972492467
2731
81
462
0,99609375
2732
112
400
0,797111189289116
2733
234
449
0,779744981133399
2734
163
369
0,574176813449288
2735
303
219
0,241312206289355
2736
295
469
0,876314082181596
2737
444
318
0,803339648733721
2738
39
435
0,99609375
2739
349
408
0,730150106793314
2740
247
154
0,374664586960973
2741
289
358
0,451537921610641
2742
461
329
0,883222137834111
2743
409
185
0,672595415797301
2744
424
356
0,798226779619096
2745
151
0
0,99609375
2746
319
184
0,373000065138637
2747
81
371
0,810487622731298
2748
280
393
0,571733761473615
2749
268
437
0,736062497129484
2750
58
110
0,926188076903192
2751
341
474
0,945809462655016
2752
391
80
0,863971000029148
2753
215
30
0,865849844145142
2754
229
21
0,896543749977617
2755
265
435
0,726290383814506
2756
97
441
0,957741764920564
2757
68
259
0,711640176412585
2758
134
223
0,463914286519395
2759
0
282
0,981968824586166
2760
491
49
0,99609375
2761
24
307
0,907810212886905
2762
217
303
0,243549613157743
2763
400
111
0,798475035277504
2764
388
73
0,877150626569097
2765
37
146
0,92343259801338
2766
167
411
0,709049547198059
2767
349
137
0,587316249410106
2768
313
315
0,354637125421228
2769
466
381
0,989332520279282
2770
113
378
0,732294411494939
2771
455
402
0,99609375
2772
91
216
0,634580090927854
2773
403
377
0,779036792181692
2774
116
321
0,593117256639308
2775
236
57
0,755382167314208
2776
392
485
0,99609375
2777
446
9
0,99609375
2778
85
33
0,99609375
2779
256
88
0,6306056353519
2780
180
104
0,629955109320642
2781
142
156
0,556172146974396
2782
483
119
0,99609375
2783
267
185
0,261628027015804
2784
91
430
0,937536223185682
2785
446
318
0,814373868783294
2786
256
119
0,510476255571521
2787
169
112
0,622784282542165
2788
93
121
0,790013590391594
2789
215
1
0,979839792874181
2790
399
22
0,99609375
2791
495
66
0,99609375
2792
336
480
0,961684112385298
2793
253
181
0,267225972914664
2794
465
340
0,912394143054461
2795
52
279
0,780779044988089
2796
58
377
0,899177825731175
2797
201
8
0,960725499600864
2798
235
299
0,201858251889184
2799
419
471
0,99609375
2800
448
217
0,78446355248323
2801
285
185
0,287497703705898
2802
374
417
0,817362499975788
2803
300
272
0,215904457020004
2804
316
333
0,418084846856523
2805
415
463
0,99609375
2806
317
255
0,266313329324056
2807
188
157
0,432696164412661
2808
109
76
0,87278094069488
2809
320
3
0,99609375
2810
365
86
0,783497310289499
2811
220
250
0,116054334345332
2812
378
167
0,595077878296313
2813
260
378
0,50507666475244
2814
418
160
0,745552264105255
2815
376
293
0,523827510365773
2816
202
244
0,186092364448102
2817
53
182
0,81295523437983
2818
236
309
0,237789298204393
2819
191
418
0,69619764498281
2820
180
480
0,941724753213937
2821
365
131
0,646801326179885
2822
425
88
0,930954870138935
2823
461
303
0,850526720052413
2824
189
43
0,841754030952335
2825
399
159
0,682829790383195
2826
479
415
0,99609375
2827
105
362
0,713042149066055
2828
497
35
0,99609375
2829
307
207
0,27999152754438
2830
157
421
0,760839486234252
2831
354
156
0,548716005073525
2832
457
121
0,95235410770104
2833
260
73
0,690239925340704
2834
202
6
0,969286099438534
2835
421
300
0,69609842597576
2836
384
401
0,7926101094246
2837
322
385
0,599239320823193
2838
220
89
0,638660191356069
2839
325
289
0,332537181472824
2840
206
456
0,826129353686907
2841
189
375
0,542846667314092
2842
260
217
0,134674273833153
2843
314
286
0,289106501728717
2844
138
191
0,492423356784502
2845
184
201
0,317494310988652
2846
1
484
0,99609375
2847
260
258
0,0547515554941426
2848
126
209
0,508391872732776
2849
173
303
0,363992719971828
2850
327
387
0,617024450831786
2851
101
182
0,637575343973288
2852
122
99
0,771202386854311
2853
274
77
0,679153126533441
2854
93
220
0,623223622503215
2855
141
408
0,750854681023526
2856
209
18
0,919757017436604
2857
0
200
0,992916030086266
2858
231
479
0,898130471766433
2859
395
239
0,568589399308964
2860
307
474
0,903833591630057
2861
435
10
0,99609375
2862
321
219
0,305335634255256
2863
298
400
0,617114399728558
2864
140
63
0,84248028827807
2865
258
11
0,931911169641644
2866
415
21
0,99609375
2867
461
319
0,869907434687513
2868
355
7
0,99609375
2869
252
161
0,346552357159782
2870
442
236
0,75405200750595
2871
193
417
0,690825892217604
2872
50
276
0,787478960888088
2873
492
483
0,99609375
2874
483
60
0,99609375
2875
27
147
0,958610966490009
2876
314
433
0,760889824044023
2877
496
353
0,99609375
2878
452
90
0,99609375
2879
360
402
0,737407393396944
2880
301
374
0,525090090384509
2881
437
29
0,99609375
2882
462
129
0,953315113748073
2883
493
188
0,980458368520358
2884
56
181
0,80236659922761
2885
344
224
0,383711108195304
2886
226
233
0,112196893408295
2887
297
70
0,723479447782895
2888
280
17
0,915823295128922
2889
460
45
0,99609375
2890
227
314
0,266591329297867
2891
416
80
0,928906954503338
2892
36
111
0,993208676327695
2893
197
481
0,926268693635382
2894
25
108
0,99609375
2895
366
265
0,460084401467882
2896
146
350
0,562673835368305
2897
360
68
0,829776095775363
2898
299
164
0,385854063013929
2899
455
420
0,99609375
2900
283
304
0,247369294097987
2901
427
302
0,722579018396004
2902
215
302
0,245785921813549
2903
420
80
0,941208690306671
2904
136
425
0,816476024268399
2905
73
434
0,99609375
2906
129
315
0,533454276645709
2907
175
486
0,97006213363339
2908
457
356
0,910843208316287
2909
492
350
0,99609375
2910
432
11
0,99609375
2911
162
448
0,84590724157976
2912
314
79
0,711272552439057
2913
78
376
0,832561113157026
2914
373
229
0,490569363516942
2915
271
116
0,529515059898361
2916
62
40
0,99609375
2917
262
423
0,678503085452074
2918
386
114
0,751587144809274
2919
365
234
0,453847684480241
2920
190
117
0,568155630368163
2921
344
99
0,694408104522837
2922
35
432
0,99609375
2923
135
331
0,549734793799343
2924
174
373
0,56423588165615
2925
110
442
0,928743994678055
2926
172
104
0,64455155610067
2927
488
271
0,935455021157479
2928
141
479
0,991292693215602
2929
487
135
0,99609375
2930
224
44
0,807806234298327
2931
206
407
0,637926289991218
2932
153
456
0,891034596567345
2933
372
89
0,787721153229317
2934
52
252
0,771985402519487
2935
100
342
0,68846776521375
2936
491
258
0,943507366194447
2937
160
314
0,432043471512714
2938
167
63
0,797526000033044
2939
413
382
0,821791826288807
2940
444
246
0,7604787538073
2941
201
0
0,991788037793453
2942
118
328
0,599738394746685
2943
444
457
0,99609375
2944
51
491
0,99609375
2945
282
407
0,628397245654875
2946
127
229
0,485456931929766
2947
9
145
0,99609375
2948
410
437
0,964770570225853
2949
445
78
0,99609375
2950
59
45
0,99609375
2951
278
422
0,681527418402762
2952
273
268
0,114647121656854
2953
451
413
0,99609375
2954
444
173
0,814994136107686
2955
103
77
0,882587710990667
2956
65
104
0,91607884317512
2957
190
477
0,918040875129391
2958
343
205
0,40277458518609
2959
289
325
0,330505560850418
2960
12
414
0,99609375
2961
38
60
0,99609375
2962
470
192
0,889300723102966
2963
215
261
0,143498083533411
2964
248
14
0,919367064483129
2965
403
229
0,605988917333722
2966
117
335
0,614673318430886
2967
323
399
0,649706594676096
2968
467
279
0,859106261111819
2969
227
350
0,40042150717711
2970
377
30
0,992673464759326
2971
13
377
0,99609375
2972
387
204
0,567287201638777
2973
341
22
0,957102731049893
2974
38
32
0,99609375
2975
302
205
0,269677307587491
2976
148
120
0,642784757983486
2977
65
144
0,830376992505821
2978
6
218
0,957526976069776
2979
451
80
0,99609375
2980
52
189
0,80516497759461
2981
165
429
0,774835098948254
2982
269
373
0,490141742287251
2983
460
230
0,824154283183602
2984
281
291
0,203741099205573
2985
9
63
0,99609375
2986
477
439
0,99609375
2987
447
482
0,99609375
2988
401
160
0,687109972378218
2989
172
265
0,307583835141411
2990
350
192
0,453305455969493
2991
223
215
0,169313453647996
2992
212
198
0,249789193882611
2993
81
496
0,99609375
2994
269
178
0,289346349159922
2995
392
249
0,5563228914375
2996
327
147
0,503980752194513
2997
297
187
0,30431542758395
2998
364
83
0,788031036772139
2999
107
13
0,99609375
3000
244
110
0,544123763990718
